  Dim1	Dim2
  -48.9720    6.1837
   10.9185   -9.3689
    8.1957   16.7115
   35.2788    5.9840
  -26.4955   25.3557
   48.1762   21.2717
   32.4617   12.0559
    5.2855   21.3611
   57.9426    7.5293
   -4.2399   32.8319
   41.1280   13.7943
   47.3632   13.3097
   50.3119   -0.6083
  -14.2952  -24.3238
   11.3442  -10.2958
   32.5663   13.6686
   43.3254    8.2520
  -28.9055   27.4467
   43.7982   16.1814
   32.0414   11.2118
   29.8768   10.4047
   43.7276    5.5897
   41.7098   23.2009
   31.4474   10.1126
   45.9918   -2.6902
   43.9163    7.8828
   45.0240    2.8840
   44.3388   -4.0309
   42.3830    8.4274
   26.8656   42.0273
   36.8514   12.1809
   36.2301   12.3838
   31.3265  -24.9447
   45.8749    3.3778
   35.1142   12.5097
  -21.1967   28.3348
   33.5529  -26.5658
   52.3872    0.1000
   50.4990   20.7295
   51.9212    1.6787
   45.6214    7.1941
   34.1717  -16.5447
   34.1246   10.5311
   57.9599    8.3321
   61.0832    5.9856
   49.6602    3.4279
   53.8564    3.7099
   47.4702    8.0239
   46.1740    9.4007
   47.5971    6.2276
   52.7704    2.5230
  -22.7716   30.8347
   44.7900   11.2289
   48.6464    8.5667
   44.7296   12.0187
   46.0693   10.2630
   48.8725    6.9018
   47.3259   10.0845
  -57.2966   -7.7902
  -49.1439   -8.7463
  -51.5063  -14.3221
  -53.7548   -8.4131
  -46.1872  -10.6934
  -46.4181   -9.7726
  -47.3732  -19.1242
  -47.6707   -7.6030
  -49.3872   -7.6506
  -46.3753  -15.5555
  -50.1400  -10.5127
  -53.5602   -7.2225
  -45.3093  -12.4714
  -43.4085  -15.1254
  -48.0251  -22.6466
  -43.7145  -17.9872
  -52.1342  -13.3252
  -55.3093  -10.8872
  -40.3368  -28.8220
  -37.5383  -22.4467
  -48.0603  -11.5278
  -45.1410  -11.6751
  -41.0105  -17.7702
  -44.1122  -22.2573
  -57.2844  -14.3152
  -43.3157  -22.4768
  -38.5874  -23.1188
  -38.3445  -24.3316
  -46.1804  -17.2058
  -48.0813  -20.3405
  -40.1291  -29.0680
  -43.5725  -12.8444
  -45.6671  -13.6255
  -57.4493  -22.4604
  -51.4158   -7.1454
  -15.9037   -3.2053
   -2.2608    1.6167
  -55.5232   -3.6156
  -50.8117  -26.7792
   19.1887   20.4366
  -47.2917  -24.2726
  -41.3539  -27.7688
  -44.3157   -4.8787
   -3.8341   -1.7158
  -52.2153   -1.4062
    4.4721  -18.6541
   25.3662   29.7916
   54.8676   11.6048
  -25.5912   30.6459
   40.2162    4.4514
   -5.2923   33.3193
   56.8867   12.9507
   38.3773   14.6329
   36.7149   35.8748
   38.3394   35.2378
   -3.5236   30.8038
   44.1815   12.8145
   50.4240    5.4401
  -57.8369   -7.0873
  -16.1126   -7.9769
  -58.2865  -11.3918
  -51.0828   -8.5124
  -33.5521   26.7275
  -30.7099   28.4595
   19.4112   21.3274
   56.9463   11.9409
   45.0081   14.2762
   18.6924   42.3026
   -7.8265   32.8136
  -49.7944    6.5485
  -59.1966  -19.0675
  -56.1336  -16.0432
  -51.9444  -10.3486
  -55.3066  -11.9361
  -54.6227  -13.0382
  -54.8400  -18.2643
  -52.8760  -11.0671
  -53.0523  -18.1745
  -56.8768  -18.1854
  -43.8427  -24.3569
  -52.5484   -9.5252
  -54.9810  -25.5764
  -55.7611  -18.7515
  -49.6705  -21.2712
  -59.5677  -13.4059
  -49.1006  -14.4173
  -54.3058  -14.3511
  -52.5295  -24.7616
  -55.2301  -27.1604
  -49.3022  -13.7590
  -51.0331  -22.1853
  -56.2024  -27.7923
  -53.7865  -16.3261
  -50.9273  -17.2873
  -49.0431  -22.6070
   44.0969  -26.3624
    6.1029  -23.3622
  -56.1842  -25.1397
   20.9712   12.9209
  -54.4183  -27.9229
  -51.3042  -26.9054
    8.0054  -11.7736
  -52.4478  -19.8593
  -53.8284  -20.1645
   -8.8499   16.8309
   27.7005   35.8416
   46.2523  -21.8055
   26.0976   -5.6283
   45.7225  -26.6910
   44.6647  -26.3119
  -53.5951  -21.1216
   48.2966  -18.9141
   51.0722   -4.2018
   20.0938   35.9811
    1.3657   34.7572
   55.4808   12.7860
  -22.1531   34.7580
  -56.8278  -12.9474
  -57.1297  -16.8721
  -50.6328  -19.2170
  -33.5486   27.7955
  -32.5454   27.7386
    0.5088    8.3080
   -2.3649    7.8599
   -7.3226   15.4251
   17.6399   39.7150
   -1.0297    5.1904
   22.8753   12.6619
   -2.4693    7.4075
   42.9279  -24.8931
   14.8923    8.9472
   26.4244   -5.5881
   42.8647  -24.1711
   -0.6217    4.9186
   47.5065  -21.2048
   28.6339   17.3987
   46.4727  -20.4612
    1.5622   35.4820
   40.2876    4.0131
   44.0100  -23.1340
   51.5814    3.7022
   45.0653  -21.9057
   27.7321   17.7264
   49.1082  -18.5585
   55.8267    6.4473
   -6.6324   33.9070
    9.5157   36.7280
   43.7196   28.3062
   15.1171   40.0453
   43.5880   27.1755
   30.5584   27.0433
   15.5595   35.8749
   15.0127   34.4120
   11.1043   31.5012
   14.1162   40.4828
  -15.4792   -5.3578
   15.8626   40.4485
   28.9086   31.8233
  -12.2307    2.8845
   10.9476   36.3854
   12.3309   35.6107
   20.6846   34.4268
   17.9176   33.0638
   13.6318   35.6746
   12.0702   37.6736
   10.5418   34.5666
   16.6326   33.5875
   39.4626   24.7564
   15.9792   32.0537
   10.5929   38.3323
   14.7054   37.7903
   18.5211   34.1081
   11.4802   28.3331
   20.9865   29.1212
   39.2612   23.7074
   18.8215   36.6292
   16.9669   41.0590
   14.0639   36.5203
   16.4257   42.2417
   16.4913   34.5861
   10.5270   39.4696
   16.2558   37.6772
   11.1999   30.9423
   19.1139   32.0551
   16.2232   30.9513
   17.0048   31.0886
   50.9123   18.0697
   30.7284   26.9440
  -27.0077   -8.6440
  -25.2536   -7.7186
  -14.5651   -5.4909
  -27.0390   -9.9009
  -12.9580   -0.8612
  -19.3350    1.2292
  -22.0074  -10.3636
  -26.1167   -9.7305
    6.1272    1.2618
  -24.1039   -9.0741
  -20.6157  -14.6863
  -13.6486   -4.5439
    0.7998   -5.4984
  -20.6983  -14.5383
  -24.3072  -11.1646
    1.8256    1.9039
    1.7129   -2.4353
   -6.9937   -9.2736
   -0.7149   -3.9623
    1.4336   -2.5765
   38.5226   23.9171
    2.3766    3.1197
  -25.4305    9.7643
    5.3653    1.9835
   32.2071   31.6998
    1.9496    0.6488
  -23.4253  -11.5466
    4.7000   -0.2441
    3.8297    1.0527
    4.2074   15.7397
  -17.6814    5.2212
  -15.6057    4.6592
  -14.3802    4.9759
   27.9834   13.2628
   41.4137   19.5097
   41.3915   19.4955
   45.6968   21.7751
  -18.4733    6.4412
  -17.5400    7.5549
  -18.4388    8.3233
  -36.3870   21.9866
  -36.0908   22.8361
  -35.7633   19.6356
  -25.0009    0.4730
  -19.1457    6.6390
  -24.9609    1.8902
  -24.9861   -0.6070
  -35.2459   24.3997
   37.2483   26.7192
   36.4639   22.4633
   38.3268   26.0684
  -35.9560   20.4314
   39.9180   27.9971
   35.9696   17.2565
   13.7727   10.0278
   38.9413   22.0758
   51.4890    8.4347
   41.0016   24.5145
   39.3161   29.0865
   34.5124    2.1504
   13.1484    6.2909
   52.5554   17.9749
   33.2295   -8.8559
   36.0551  -10.4090
   52.6294    7.0620
   34.6182  -12.8345
   37.3201   35.7085
   53.2801    7.4886
   56.2745    4.0726
   57.4723   14.6926
   36.9642  -12.7534
   37.1629  -12.5385
   62.2932    6.9648
  -12.5197   12.9361
  -37.6818   -0.4905
  -35.3784   -8.1290
   -1.8287   18.0840
   -2.7400   16.7855
   -8.0697   23.1934
   -6.7806   25.8455
   -4.7390   26.0492
   27.1558   22.8610
   -8.9155   26.1556
   -8.2764   28.4905
  -12.9245   11.5561
  -10.8342    8.9895
  -11.5153   10.8852
   -6.3255   12.8666
   -0.9025   15.2519
  -11.3784    9.8536
  -13.7433   10.3968
   -4.4625   13.8327
  -11.4238   12.7916
   -9.8206    9.7472
   -6.1059   11.6957
   -2.4089   14.4451
   -7.6063   20.0836
   -4.1748   11.9940
   -4.9520   12.7876
   -8.1374   11.1728
   -8.8948   12.2303
   -5.6629   14.3655
   -5.9634   16.8996
   -7.4471   13.1102
   -0.7156   16.9053
   -3.1886   17.3356
   34.8725   28.7703
   -5.8360   17.8471
   34.3450   30.8317
   -2.8718   19.8365
   -5.4433   18.9771
   23.7769   -8.2904
   -7.9739   26.7365
   27.7203   21.4496
   28.1559   20.9114
    9.4633   28.3779
   -8.7238    4.8984
   17.5020   24.8753
   44.4390   -2.3999
   15.8225   26.0410
   10.5756   22.9881
  -25.7597   28.3787
   16.0398   18.6234
   17.9219   29.4526
   13.3195   15.6686
   38.4870  -21.6231
   40.3368  -23.5953
    0.8486   29.9601
  -21.0222   29.6837
  -11.6545   35.4268
   -9.8820   32.1592
  -18.0246   33.5265
  -43.8451    8.7390
  -43.0282    4.8999
  -24.1990   15.8511
   10.9391   22.3493
  -24.9605   14.6007
    0.4267   13.8061
    6.7418    9.5011
    5.4188   11.0759
   12.8059   11.9035
    8.4816   12.2099
   13.2175   27.7575
  -24.2617   16.3645
    6.7975   10.0807
  -29.4190   19.8492
   11.5847   21.8745
    0.8739   25.7292
   11.2611   27.1323
  -25.2552   19.1758
    4.7665    9.3232
   10.5418   18.1203
   30.8184    0.2821
   31.6464   20.6089
   10.8997   15.7338
  -26.0981   21.4212
   24.6124   36.5335
    5.2966   13.6055
   16.5856   13.0949
   30.4143   -0.2489
   44.0367   26.3915
   34.6730    0.6630
   39.6693   -2.5135
   10.8245   13.3011
  -27.1991   17.9301
   34.0234    0.3381
   38.6525   -3.8092
    8.3708   11.0148
    3.2537    9.4634
   14.7870   13.5130
   43.7695   -1.0725
   29.7587   -2.4498
   10.7425    8.9948
   41.5827   -2.8168
   16.5465   15.4802
    5.4264   26.3388
    9.4648   17.1086
   10.2376    9.8691
   14.0501   14.4982
   40.9784   -2.3539
   15.6496   12.5454
   36.6516    0.2298
   39.1089   -0.9759
    5.2814   27.4760
   33.1542   -1.7171
    4.7909   15.0041
   28.6771   -8.7319
   45.4209   -0.0539
   12.6060   18.8658
   27.5426  -10.9473
   15.3698   26.9255
    6.5936   25.2333
   46.3557   21.1697
   33.1340   -1.3465
   -6.1466   29.2250
   54.8399    4.9337
  -17.8992   30.0263
   46.6091   16.6589
   24.6928   21.7479
   35.5764   -2.0361
    4.8711   28.4170
   45.3482   16.0375
   56.2340    5.2750
  -20.2774   31.2688
  -18.8470   32.8600
  -32.8831  -14.0709
  -30.0912  -10.1790
  -31.9160  -13.9215
  -43.7634    1.6055
  -27.0581  -23.4295
  -33.8929  -12.4058
  -31.9396  -18.5363
  -29.8042  -11.8553
  -31.8013   -9.7530
  -23.0118  -21.6612
  -20.2018  -21.9990
  -24.0037  -23.0830
  -30.0805  -18.1492
  -30.0760  -12.4908
  -20.0411  -23.3373
  -23.2109  -24.3605
  -32.7979   -6.6696
  -26.4607  -27.9362
  -32.8077   -9.8030
  -27.1728  -15.6103
  -31.2235  -16.0636
  -30.3699  -22.0676
  -32.5737  -26.8769
   -6.0375    2.5599
  -29.5416  -16.4487
  -24.8531  -27.8994
  -23.8687  -29.1643
  -26.6613  -19.3723
  -33.3527  -17.2005
  -33.8803  -20.5958
  -33.3861  -16.3976
  -22.8130  -25.6098
  -31.2330  -21.1825
  -29.0977   -6.7036
  -26.9147  -14.0909
  -23.3499  -30.1127
  -18.5342  -17.4445
  -28.3882  -17.5681
  -32.8710  -20.3301
  -34.8769  -16.2487
  -35.6487  -22.0161
   -5.2326   -4.1691
  -30.9538  -19.7868
  -24.6362  -19.8155
  -17.7486  -26.5119
  -27.9219  -18.1615
  -23.3795  -18.8857
  -21.4662  -21.1533
  -19.5618  -29.9140
  -26.9548  -21.8816
  -25.0601  -22.4935
  -24.0279  -16.2758
  -27.3834  -28.5524
  -19.9660  -26.6292
   -5.5025    3.1421
  -22.8807  -33.2175
  -18.1469  -20.5398
  -17.4760  -18.0218
  -24.0496  -13.4577
  -33.5305  -18.7800
  -31.8079   -5.6178
  -19.3475  -19.8615
  -36.3075  -11.4702
  -19.5668  -18.7037
  -28.9826  -15.5577
   49.2105   -6.1559
    5.3893   17.9894
  -22.1770  -24.2360
   58.8497   -8.8296
  -20.4582   25.6922
   60.6548   -6.1060
    5.3590    3.7209
   33.5085  -26.0273
   15.2599    5.8754
   14.8389  -18.2891
   43.4699   -0.0167
   31.1836  -23.2801
   32.8361  -24.0036
  -22.4245   18.3035
   18.2718    2.3324
  -29.9114   30.0784
   37.3879   21.0985
    6.7913   21.3401
   48.8006   -2.0741
   63.4241    7.4415
   -7.7655    6.0172
   15.4091    1.1827
   14.2454    2.0632
   12.7099    2.3191
  -16.9776   16.5270
   22.9307   28.8757
  -17.3856   18.1773
   21.1360   28.2710
   22.6366   11.7700
  -16.5363   16.0110
  -15.2014   14.5870
   22.0162    9.4659
   21.8795   10.1535
   20.4113    1.4768
    8.9336    1.2615
   23.6998    8.3015
   24.0119    0.5715
   14.5892    3.6200
   36.5436    2.7979
   14.7868    0.2842
  -13.7670   17.2095
   27.3154    1.0887
   21.9386    8.4040
   49.7735   23.7391
   23.4888    9.6285
   13.3733   32.0741
   19.1852    4.9963
   19.5377   -3.5492
   19.7155    8.8065
   19.7648    7.5458
   21.3091    3.4342
   16.7579   -1.6850
   20.5106    0.3111
   19.2914    3.9732
   14.4087   33.0367
   37.5692   19.7317
   49.0008   -1.3937
  -28.3112   22.0424
   20.2127   -4.3379
   33.2383   11.8459
   36.8703   18.9904
  -31.4838   28.5843
   25.9963    2.1440
    3.2433   21.1084
   58.5052    5.5878
   17.3537    1.6443
   16.8374    5.8811
   49.1830   21.0567
   25.3266  -13.5564
   19.4542   -1.0217
   30.6082   14.0789
   18.1853   -2.6895
   36.9610   37.4491
   57.4608    4.9202
   50.2113   12.1041
  -49.8889    6.1595
  -58.7963   -7.9826
  -62.3603  -10.6020
  -57.2307   -9.1204
  -54.9478   -8.6952
  -59.2962   -9.6382
  -63.6104  -11.2597
  -58.0495   -9.5073
  -62.2131  -11.6081
  -44.4351   -8.5230
  -69.2047   -8.5987
  -48.4114  -12.3784
  -66.8356  -13.6699
  -67.6081   -8.7582
  -49.5890   -6.4910
  -70.4838   -9.5260
   -6.0583    9.0755
  -73.2792  -11.2183
  -59.9026  -19.8794
  -71.5964  -11.6893
  -66.9496  -14.4268
  -61.2980   -6.3724
  -70.5211  -11.6500
  -70.6569  -12.8897
   -6.1724   -6.9867
  -73.3874  -12.4808
  -12.4469  -14.3960
  -47.0772  -25.6640
  -68.5182  -16.5564
   16.9770   -8.7432
  -72.7136  -13.7726
   24.2511   43.2937
   17.0384  -11.9711
  -16.9273   27.8971
  -61.3515   -8.0217
  -61.1153  -10.5891
  -62.9810   -8.9652
  -60.8268  -15.2157
  -66.6078   -7.8712
  -63.8594   -7.9304
  -64.0033  -10.2961
  -61.2156  -12.5416
  -66.6646   -6.4512
  -63.3412   -6.7696
  -57.2339  -19.1349
  -65.7887  -10.7406
  -58.8718  -17.2138
  -33.7859   28.9905
  -72.3442  -12.8142
  -57.6120   -3.5833
  -69.7088  -13.3886
  -56.0792  -21.4500
   24.7490   10.7686
   -2.0443    9.0854
   31.5199    4.4823
   24.3059   11.2884
    8.2173    8.1315
    3.2158   25.9573
    2.3462   25.6484
   50.1519    2.2795
   31.5053  -18.7340
   48.6863    2.7537
   -2.9024   29.9429
  -12.2861   32.5897
  -33.5148    3.3182
  -38.0741    4.2320
  -31.3541    4.7570
  -38.7935    2.9481
  -36.0881    8.8726
  -37.4325    1.0792
  -19.9500   33.5225
  -41.5729    5.0312
  -35.5296    4.2631
  -40.1508    6.1613
  -38.3314    6.8089
  -39.3897    5.2718
  -33.1731    5.0518
  -31.1389    7.7887
  -38.1878    5.7954
  -29.7865    3.9599
  -35.7447    6.4432
  -28.1044    4.2262
  -35.3446    5.7740
  -27.1413    5.8407
  -36.5906    5.6090
  -36.6965    2.6412
  -29.6446    6.5968
  -28.8223    7.5673
  -28.0546   20.0662
  -30.2348    0.3928
    0.9403   20.7295
    2.3344   20.0473
    3.8932   19.4226
  -25.3809    4.8309
  -26.1661    3.6266
  -22.6512    3.3379
  -21.8950    3.0252
  -27.8517   12.6691
   -0.4499   21.4815
    3.6554    6.7159
    5.0375    6.3217
    1.8007   17.3410
  -23.2843    5.4042
    6.8217    0.0663
    9.2322   15.3013
   12.7972   10.9022
    6.2912    5.8865
    2.5414   23.2378
   -5.9789   31.4201
  -21.4688  -16.4875
    3.8386  -24.2619
   20.8230  -21.5968
  -21.9409  -34.4324
    3.7853  -21.1967
   19.8910  -23.3077
    7.8480  -21.1449
    5.9707  -25.1085
   14.2421  -19.3099
    3.1899  -22.5953
    4.6669  -22.0703
   21.5865  -19.7702
   54.3355   -2.3440
   21.6886  -22.5906
   45.3782  -14.9185
   60.3057   12.5476
   -6.9378  -27.7570
   43.9807  -10.4575
   36.6462  -23.2597
   10.4553  -22.4399
   31.6925  -14.9369
   36.7771  -21.9944
   41.8665  -16.9102
   32.8526  -13.4169
   45.5204   -6.3489
   36.1539  -19.4139
   40.2869  -13.9871
   42.5509  -15.7075
   38.0857  -20.6551
   38.4139  -15.3951
   44.4142   -9.4384
   61.0789   11.2473
   55.8028    1.1926
   37.5737  -17.1811
   37.9977  -18.6445
   60.1905   10.8001
   38.8639  -17.2055
   52.2116   10.8793
   26.7765  -21.5467
   44.7999  -19.0267
   43.6421  -12.2082
   46.1637   -6.9066
   37.3484  -17.8233
   59.1479    3.3557
   43.5013  -14.9995
   39.8607  -17.5931
  -39.1397    8.6773
  -33.2581   10.5591
  -38.2328   11.8840
  -35.1100   10.1126
  -34.8054   11.1447
   28.5187    1.0308
  -37.1110    7.3969
  -39.6415    7.1784
  -35.2290   15.1307
  -37.0715   13.4653
  -38.5823   13.5932
  -36.1877   12.1854
  -37.5611    8.5156
  -33.5419   12.8819
  -40.3907    3.0896
  -35.0457   13.3645
  -35.5144    7.7343
  -37.4037   10.8730
  -34.1138   13.8712
  -29.7189   12.2751
  -34.2569    8.7276
  -36.1334   11.3447
  -30.4893   13.2424
  -40.7176    9.3263
  -28.0968    8.9939
  -41.3538   10.9062
  -34.1372    6.3474
  -31.9572    9.6607
  -38.6326    9.7902
  -29.7785   10.2587
  -37.0329    9.9752
  -29.9009    8.4295
  -26.7046    8.3540
  -23.4020    7.7402
  -40.8602   13.3013
  -32.9186    7.0045
  -32.6889    8.1545
  -24.9350    7.2542
  -27.7714   14.1066
  -39.3693   11.0151
   10.3286    5.2676
    9.2810    4.9892
  -36.0374   -9.0089
  -10.8383   25.8866
  -10.3014   26.5957
   26.3141   18.5358
  -10.2058   28.5705
  -12.5987   30.3542
  -23.3193   27.3887
  -13.1699   31.0702
  -21.0142   33.0385
   -9.7956   23.3846
   -9.8537   23.9437
  -25.0741   33.0487
  -11.5386   28.2059
  -24.4744   32.2684
   26.8953   18.4674
  -11.2351   30.9569
  -24.0693   33.6011
  -23.9654   34.2651
  -22.7385   32.8868
  -10.0601   30.8213
    3.7510   -4.9591
   39.1652  -12.0300
   32.0863  -22.2445
   31.1395  -15.6006
   32.9126  -20.7449
   53.7431   10.7900
   28.0662  -15.5023
   14.5503   16.8711
   33.8898  -22.3983
   32.7357  -22.4184
   58.8696   -2.1668
   38.7186  -10.0793
   56.8505    2.9791
   59.2429   10.9669
   59.1294    0.2991
   58.1759    1.3246
   39.4649  -20.9117
   54.2574    1.5784
   60.6502    0.2134
   60.2020    0.6725
  -11.4585    7.2879
   32.1649   38.2700
   29.7736   34.1600
   30.9734   37.1729
   29.9857   33.2680
   33.3826   36.5385
   28.2053   38.3052
    2.8010   17.6294
  -23.8784   27.8260
  -18.5460    0.8335
   30.3407   39.1185
   -6.3588   -0.9959
  -14.3164    2.5986
  -11.9901    4.4548
   -9.5355   19.7314
   30.2053   37.3443
    1.4915   10.7180
   33.2887   38.2396
   29.7342   36.7372
   27.8261   41.7302
   31.2292   36.5265
   33.8084   33.9100
   33.1754   34.2861
   35.1675   38.4169
   34.7499   37.9026
   -7.2568   31.0206
  -11.0752   -9.3101
   -0.5491   -8.3961
  -12.6261  -18.1073
   -8.5363   -9.0013
   52.7544   -8.7818
  -10.5645  -16.3164
    2.4964   -7.9922
   11.4175  -15.8783
   -6.9143   -2.0587
  -10.6545  -17.9347
  -26.2701   -6.9680
   -6.8206  -14.0918
   -5.9884  -18.5610
   10.7100  -14.6256
   -8.3391  -16.9585
  -11.0770  -14.6818
   -4.6877  -10.0470
    3.2870  -10.5256
  -10.4498   -4.6626
    5.4940   -9.0882
    8.2287  -18.8174
    3.3435   -6.4532
    8.1021  -19.5016
  -12.9870  -16.8322
   -4.6341  -10.9342
   -6.9604  -18.3251
  -21.4481  -11.1250
  -10.0331  -13.8808
  -12.2176  -16.0620
   -7.8276  -12.5706
    8.2586   -6.2037
   30.6091   20.3491
    0.7300   -7.9968
   -9.3464  -15.3130
   -6.7358  -11.3184
    7.7124   -7.3448
   -7.9260  -11.7125
    7.5451   -7.7384
  -11.5967   -4.1989
   -3.4349   -7.5891
  -25.3716  -35.1151
  -25.4377  -35.1383
  -10.1955  -12.2268
   -9.9288   -9.3423
   -2.1854  -24.0269
  -14.5210   -8.0650
   -1.3561  -21.1093
   -2.6243  -19.1671
   -4.3395  -22.2406
   -2.6133  -20.9110
   11.9113  -23.3127
   -3.8511  -23.6512
   -1.8830  -23.3814
   32.3353   -3.0316
   -5.5340  -23.3270
   -3.2904  -22.4621
    5.4049  -33.5909
   12.3971  -19.2227
   57.8461   -0.3536
   -5.2050  -19.6926
   -2.9632  -27.1785
   -1.2281  -37.3619
  -31.8776  -27.3933
   13.1018  -15.4081
   -1.6927  -26.7333
   -1.0476  -37.4768
    1.1591   10.9812
    3.8607  -26.6676
   12.8977  -22.6670
   22.6651  -17.4033
   14.5799  -23.8933
   21.9341  -16.3911
   20.3402  -15.9637
   23.3636  -14.7082
   21.9002  -24.1949
    4.6206  -33.9817
   19.9664  -19.4427
   19.2168  -22.4279
   22.5563  -15.6502
   56.2760   -3.6451
   56.1132   11.0615
   24.5476  -17.9473
   17.2274  -24.7850
   55.1377   -1.5341
   12.4997  -20.2605
   23.7338  -15.5341
   23.7914  -21.1837
   57.4262   -3.9551
   25.2309  -23.5191
   26.8478  -20.4220
   28.8182   42.3309
   27.2845  -18.6396
  -26.7220   -3.4761
  -16.7085  -11.7736
   -9.0395   -0.3595
  -17.9212  -11.2507
  -17.5459  -13.7419
  -19.1803   -9.5675
   -4.4084  -13.4513
  -11.2796  -23.9987
   -1.3634  -15.4492
  -21.8441  -35.3362
  -16.1184  -12.5066
  -12.5031  -11.3097
    2.7744  -15.7673
  -14.5803  -13.5265
   -2.7666  -15.8501
   -3.3613  -16.9539
    6.2368  -14.4037
   -4.9779  -15.3823
   -5.8415  -25.1554
    1.5630   -9.1042
  -15.0576  -10.8306
   -3.3546  -12.7416
   -0.2387  -10.8364
  -15.3354  -15.6748
   -6.7607  -22.3914
    0.1772  -14.6943
   13.0237  -11.2607
   -9.5322   -5.0088
    0.5508  -11.5584
    9.3467   -6.1047
    4.2379  -15.1706
   12.9528   -7.2334
   55.0663   -9.1116
    3.4555  -12.8820
   57.8159   -9.2745
   12.3632  -25.1927
    4.5200  -11.7444
   51.9113   -9.3002
   49.9765   -8.7305
   12.0218   -7.2505
    7.1344  -14.6132
   27.7123  -29.1214
    4.5529  -14.8640
   27.3965  -29.0828
   50.9499  -12.7056
  -22.1078   -3.6500
    6.1893   -2.7338
   -8.9735  -18.0685
   -1.9884   -3.1723
  -12.2542  -19.7189
    8.5403  -28.8385
  -21.2673   -1.4642
    1.3149  -25.8460
   -8.3790  -33.1322
   -7.1162  -15.4206
   -3.3189  -10.2484
   -1.3450  -39.4771
   -8.3781  -24.2698
   -8.1210  -30.0121
    9.9034  -34.5491
   20.3655  -31.1798
   10.3527  -16.6478
   27.4978    7.6044
  -21.7681   -7.1447
   17.3696  -32.5975
   20.4808  -26.8733
   11.5567  -34.4801
  -30.4070   27.1373
   16.4767  -31.9568
    5.4221   -5.4738
    0.1888  -30.7012
   11.3051   -3.6388
    3.0824  -36.5294
   10.3106  -24.9437
   17.4217  -34.2001
   51.8261   -3.6466
   53.4322   -3.9195
    3.7906  -34.9488
   54.3432   20.3322
  -23.4763   24.1630
   27.6554  -15.7386
   19.5048  -31.5136
   55.1496   -4.1940
   31.5694   13.3497
   53.5128   19.7237
   52.5604   -4.8479
   15.9658  -31.0043
  -40.5051  -12.9983
  -14.4599  -19.8771
   21.1053  -11.2158
   -8.5300  -22.3155
  -41.4790  -11.7971
  -13.8047  -38.2906
  -10.0986  -20.6635
  -13.9881  -33.1691
  -14.8454  -21.7662
  -14.7856  -28.0221
  -15.2684  -31.1111
   -4.8567  -38.2974
  -14.6698  -17.5554
  -42.6088  -12.6297
  -18.8464   -6.4800
  -11.6271  -30.7205
  -17.0721  -27.0705
  -41.4895  -10.3517
  -11.2450  -32.2229
  -10.6794  -25.3964
  -11.4645  -28.8914
   -2.2545  -36.2597
    0.7470  -18.6646
  -14.0099  -33.9083
   -7.6731  -19.7909
   -2.2550  -13.0733
    0.5281  -22.6625
  -13.7572  -38.3345
    1.3216  -38.0584
   11.7456   -3.4123
  -14.6022  -29.0821
   15.5546  -24.0784
   17.3311  -23.2509
   18.5126  -20.5311
   -9.8355  -32.6425
   16.7541  -21.8733
    3.8707  -30.3671
   -9.4488  -27.2899
    0.0551  -19.4072
   -6.3153  -28.7541
   21.6599  -31.5700
   -7.9735  -28.5342
   15.4276  -21.3815
   25.3628  -20.9953
   28.1646    7.3398
    1.2690  -37.4696
   20.6165  -27.6979
   54.2422   -7.6407
   14.7413  -26.5726
   22.3687  -27.3219
   55.9364   -2.2767
   17.2837  -25.9442
   60.0613   -6.9319