gene	meanA	meanB	log2fc	nCellA	nCellB	expCellA	expCellB	expFractionCellA	expFractionCellB	chisq.test.p	fisher.test.p	wilcox	fisher	p.adjust	chromosome	strand	start	end	length	tss	chromosome	start	end	peak_loc	chip_count_dup	contr_count_dup	chip_count	contr_count	adj.pvalueNtags	foldChangeNtags	Distance_From_Nearest_TSS
KIAA0125	5.13034967976226	0.00619964456676921	-5.12415003519549	8	124	8	1	1	0.00806451612903226	7.9143747780441e-24	4.88754191274911e-12	2.92548947398997e-27	1.26027513786022e-36	1.22505021642521e-32	chr14	+	106383837	106398502	14665	106383837	chr14	106374334	106374685	106374544	79	0	39	0	0	40	-9293
OXT	4.40224224487459	0.0135726339834834	-4.38866961089111	8	124	8	1	1	0.00806451612903226	7.9143747780441e-24	4.88754191274911e-12	3.71084649996605e-27	1.59428711143312e-36	1.22505021642521e-32	chr20	+	3052265	3053163	898	3052265	chr20	3071130	3071563	3071421	108	3	42	2	7.05595071298108e-12	14.3333333333333	19156
MYOC	6.24727412193892	0.0644381169650145	-6.1828360049739	8	124	7	1	0.875	0.00806451612903226	3.71754450474609e-20	5.39258791039987e-10	4.45953521441602e-23	1.77490052198596e-30	9.09222374062673e-27	chr1	-	171604556	171621773	17217	171621773	chr1	171750224	171750594	171750354	75	1	37	1	1.04188722521637e-11	19	-128581
EGLN3	4.09858725970296	0	-4.09858725970296	8	124	6	0	0.75	0	2.36287543217797e-19	4.27659917365547e-09	9.56313090527344e-23	2.90257565692861e-29	8.92135653913577e-26	chr14	-	34393420	34420284	26864	34420284	chr14	34386127	34386404	34386269	37	4	20	4	0.000140042144077958	4.2	34015
RXFP1	4.26812181365026	0	-4.26812181365026	8	124	6	0	0.75	0	2.36287543217797e-19	4.27659917365547e-09	9.56313090527344e-23	2.90257565692861e-29	8.92135653913577e-26	chr4	+	159442865	159574521	131656	159442865	chr4	159463600	159463836	159463701	45	4	20	2	8.12416913741061e-06	7	20836
GAS2	9.61502688406894	0.048418782481295	-9.56660810158765	8	124	8	5	1	0.0403225806451613	2.08446318204281e-16	6.98918493523121e-10	6.25819363979147e-20	2.89990956286811e-27	7.42763502702617e-24	chr11	+	22688159	22834547	146388	22688159	chr11	22647435	22647714	22647564	55	2	25	2	3.84986395155428e-07	8.66666666666667	-40595
BEX1	2.23868899929514	0	-2.23868899929514	8	124	5	0	0.625	0	1.06068950402752e-15	1.81042698351415e-07	4.48040994242743e-19	4.76742133496078e-24	9.15821638445967e-21	chrX	-	102317580	102319168	1588	102319168	chrX	103401383	103401831	103401598	60	2	34	2	1.27652205410011e-09	11.6666666666667	-1082430
GPR126	2.18619725676706	0	-2.18619725676706	8	124	5	0	0.625	0	1.06068950402752e-15	1.81042698351415e-07	4.48040994242743e-19	4.76742133496078e-24	9.15821638445967e-21	chr6	+	142623055	142767403	144348	142623055	chr6	142701750	142702009	142701922	36	3	21	3	2.2861893467867e-05	5.5	78867
MEIS1	4.90181099976647	0.0487293217533787	-4.85308167801309	8	124	6	2	0.75	0.0161290322580645	1.75876457518632e-14	1.1649781985165e-07	1.93004857002981e-17	1.24681392164195e-22	2.12900403864372e-19	chr2	+	66662531	66799891	137360	66662531	chr2	66708335	66708711	66708561	102	4	51	3	2.36085679367358e-13	13	46030
ALDH1A1	8.42865700375029	0.320534051769732	-8.10812295198056	8	124	8	9	1	0.0725806451612903	1.847149055366e-12	1.32017937665479e-08	2.65480763214786e-15	1.84722770688724e-21	2.83881953994431e-18	chr9	-	75515577	75568233	52656	75568233	chr9	75612260	75612609	75612475	39	2	23	2	1.3194450342812e-06	8	-44242
CLU	4.49695612749833	0.0521965501042824	-4.44475957739405	8	124	5	1	0.625	0.00806451612903226	4.36476686818522e-13	1.06487319424021e-06	4.97391497991852e-16	2.64775459451128e-20	3.39089105070411e-17	chr8	-	27454433	27472328	17895	27472328	chr8	27471665	27471916	27471783	45	0	25	0	0	26	545
SCRN1	3.39416885439357	0.0198813309409381	-3.37428752345263	8	124	5	1	0.625	0.00806451612903226	4.36476686818522e-13	1.06487319424021e-06	4.97391497991852e-16	2.64775459451128e-20	3.39089105070411e-17	chr7	-	29959718	30029905	70187	30029905	chr7	29995753	29996021	29995894	65	3	31	3	6.59835514004187e-08	8	34011
PIEZO2	2.74824932221606	0.0367837146813591	-2.7114656075347	8	124	5	1	0.625	0.00806451612903226	4.36476686818522e-13	1.06487319424021e-06	6.18039492353838e-16	3.27570472922367e-20	3.87238694451611e-17	chr18	-	10670243	11148761	478518	11148761	chr18	10822516	10822835	10822752	45	2	26	2	2.07031897310279e-07	9	326009
ABLIM1	4.92599679173551	0.299605251345187	-4.62639154039033	8	124	7	6	0.875	0.0483870967741935	2.69261418850897e-12	1.11593986132525e-07	7.45064934902899e-14	3.92745017866321e-19	4.31121816754973e-16	chr10	-	116190868	116444414	253546	116444414	chr10	116508866	116509094	116508982	57	1	31	1	5.98243492853694e-10	16	-64568
C16orf45	3.07554022984937	0	-3.07554022984937	8	124	4	0	0.5	0	4.14648707046414e-12	5.79336634724527e-06	1.88766576479568e-15	5.13576123725658e-19	4.64272815847995e-16	chr16	+	15528324	15682116	153792	15528324	chr16	15466416	15466654	15466540	25	3	24	3	4.15289343701209e-06	6.25	-61784
HOXA3	2.5532928307002	0	-2.5532928307002	8	124	4	0	0.5	0	4.14648707046414e-12	5.79336634724527e-06	1.88766576479568e-15	5.13576123725658e-19	4.64272815847995e-16	chr7	-	27145808	27166639	20831	27166639	chr7	26728690	26728898	26728808	48	6	25	4	9.87185850298146e-06	5.2	437831
DTD1	4.44868278979598	0.00256684998429005	-4.44611593981169	8	124	5	2	0.625	0.0161290322580645	3.25564554976656e-11	3.65323393220026e-06	5.18926571578094e-14	8.36210268249555e-18	7.13937744581065e-15	chr20	+	18568555	18744560	176005	18568555	chr20	18547867	18548206	18548090	47	3	29	2	3.14101035869384e-08	10	-20465
AVP	8.67125246248042	0.213614407808932	-8.45763805467149	8	124	8	16	1	0.129032258064516	1.08016060104664e-08	3.99405037567945e-07	2.3448316943636e-12	3.9814177185205e-17	3.22033828938016e-14	chr20	-	3063201	3065370	2169	3065370	chr20	3071130	3071563	3071421	108	3	42	2	7.05595071298108e-12	14.3333333333333	-6051
PTRF	3.43969184107089	0.0839206024268631	-3.35577123864403	8	124	6	6	0.75	0.0483870967741935	1.39492802106382e-09	3.63464498112543e-06	4.13737254728384e-12	5.97544602081553e-16	4.59153272239465e-13	chr17	-	40554466	40575338	20872	40575338	chr17	40608677	40609148	40608940	117	2	56	2	6.57682312057805e-16	19	-33602
MYCT1	2.4644646779244	0.019582647791948	-2.44488203013245	8	124	4	1	0.5	0.00806451612903226	1.00375850950538e-09	2.82426609428207e-05	1.45216690540843e-12	1.58854404151434e-15	1.16251165857106e-12	chr6	+	153019029	153045715	26686	153019029	chr6	153018845	153019153	153019022	51	4	25	4	9.87185850298146e-06	5.2	-7
TMEM163	3.14080358378033	0.0584985090503267	-3.08230507473001	8	124	4	1	0.5	0.00806451612903226	1.00375850950538e-09	2.82426609428207e-05	2.70073548319539e-12	2.90704252054859e-15	2.03070133889958e-12	chr2	-	135213329	135476571	263242	135476571	chr2	135675662	135676307	135676153	79	2	40	2	2.6066527571649e-11	13.6666666666667	-199582
BEX2	4.80055271960244	0.0376951358246585	-4.76285758377779	8	124	6	7	0.75	0.0564516129032258	7.98954208380305e-09	6.65440297683363e-06	2.59188213454885e-11	6.43264972155578e-15	4.11904003836955e-12	chrX	-	102564273	102565974	1701	102565974	chrX	103401383	103401831	103401598	60	2	34	2	1.27652205410011e-09	11.6666666666667	-835624
GCSAML	2.56015720699899	0	-2.56015720699899	8	124	3	0	0.375	0	1.39418739885123e-08	0.000149468851758928	7.24488486351104e-12	3.83981660326843e-14	1.90355811480739e-11	chr1	+	247670359	247740992	70633	247670359	chr1	247711529	247711790	247711696	60	2	26	1	1.70231867763662e-08	13.5	41337
HOXA9	2.04401029179039	0	-2.04401029179039	8	124	3	0	0.375	0	1.39418739885123e-08	0.000149468851758928	7.24488486351104e-12	3.83981660326843e-14	1.90355811480739e-11	chr7	-	27202056	27205149	3093	27205149	chr7	26728690	26728898	26728808	48	6	25	4	9.87185850298146e-06	5.2	476341
CFH	3.60445280574387	0.146150613520969	-3.4583021922229	8	124	5	5	0.625	0.0403225806451613	7.96045936536728e-08	4.12536640802024e-05	1.12558127212038e-09	1.47200316487507e-12	6.65345430523531e-10	chr1	+	196621007	196716634	95627	196621007	chr1	195867927	195868323	195868042	66	4	38	4	5.76325992410462e-09	7.8	-752965
LAPTM4B	4.40931008621441	0.245248740732154	-4.16406134548225	8	124	5	5	0.625	0.0403225806451613	7.96045936536728e-08	4.12536640802024e-05	1.12558127212038e-09	1.47200316487507e-12	6.65345430523531e-10	chr8	+	98787808	98864830	77022	98787808	chr8	99057594	99057889	99057738	59	3	22	3	1.29308761937627e-05	5.75	269930
NGFRAP1	7.39058868914251	0.221695456961265	-7.16889323218125	8	124	7	18	0.875	0.145161290322581	3.47022034862139e-06	2.85196080747045e-05	5.7416460571992e-09	4.98460645655115e-12	2.18866948640794e-09	chrX	+	102631250	102633092	1842	102631250	chrX	103401383	103401831	103401598	60	2	34	2	1.27652205410011e-09	11.6666666666667	770348
CRYGD	2.08381323455121	0.00166577826555462	-2.08214745628566	8	124	3	1	0.375	0.00806451612903226	1.55445912839254e-06	0.000580495307993978	4.17564265393414e-09	6.72537605291028e-11	2.87098831058681e-08	chr2	-	208986330	208989313	2983	208989313	chr2	209130782	209131174	209131049	85	3	48	3	1.61899545408924e-12	12.25	-141736
PLCB4	2.38133876721226	0.0515259049536538	-2.3298128622586	8	124	3	1	0.375	0.00806451612903226	1.55445912839254e-06	0.000580495307993978	5.06672756532251e-09	8.10368482367206e-11	3.19326739410749e-08	chr20	+	9049700	9461462	411762	9049700	chr20	9100548	9100880	9100758	52	2	24	2	7.16262590329548e-07	8.33333333333333	51058
CXCL2	2.69920767698382	0.059679731976895	-2.63952794500692	8	124	3	1	0.375	0.00806451612903226	1.55445912839254e-06	0.000580495307993978	6.14179193346881e-09	9.75453080803441e-11	3.65628364531397e-08	chr4	-	74962753	74964997	2244	74964997	chr4	74959908	74960315	74960132	113	1	56	1	2.37113413189159e-17	28.5	4865
PAXIP1OS	2.50179148864672	0.473038072009959	-2.02875341663676	8	124	6	11	0.75	0.0887096774193548	1.12994485039047e-06	4.5283352782329e-05	2.14739195287322e-07	2.56292675432546e-10	8.95160417283493e-08	chr7	+	154720226	154741196	20970	154720226	chr7	154997218	154997591	154997399	91	3	45	3	1.09771379177847e-11	11.5	277173
CACNA1D	2.77670713163387	0.109738366596669	-2.6669687650372	8	124	4	4	0.5	0.032258064516129	4.03544868015606e-06	0.000366168685447933	4.32707410605531e-08	4.09865947730276e-10	1.39973775215975e-07	chr3	+	53529075	53846492	317417	53529075	chr3	53384721	53385007	53384816	59	4	33	4	1.10412830386588e-07	6.8	-144259
INPP4B	2.81780501219065	0.225362398708468	-2.59244261348218	8	124	5	8	0.625	0.0645161290322581	5.50769003435375e-06	0.000198031565954841	1.70137667447723e-07	8.46147985970714e-10	2.76672388263786e-07	chr4	-	142949181	143767604	818423	143767604	chr4	143738797	143739129	143739022	71	3	34	3	1.06660570133125e-08	8.75	28582
KDELR3	2.00543611664643	0	-2.00543611664643	8	124	2	0	0.25	0	3.83284432329807e-05	0.00323849178811011	2.5999806474713e-08	2.03746067169544e-09	3.72758280983518e-07	chr22	+	38864066	38879452	15386	38864066	chr22	39077820	39078031	39077943	64	5	28	5	6.90673542617981e-06	4.83333333333333	213877
PIM1	4.29574398751365	0.588154643370086	-3.70758934414357	8	124	6	13	0.75	0.104838709677419	6.21792520315834e-06	9.63718574046353e-05	6.49774244818403e-07	1.53380914303863e-09	3.72758280983518e-07	chr6	+	37137921	37143204	5283	37137921	chr6	37145113	37145423	37145221	55	2	31	2	8.72055680936387e-09	10.6666666666667	7300
SPINK2	8.63236548482544	0.713354021908604	-7.91901146291683	8	124	8	44	1	0.354838709677419	0.00116891912304257	0.000408673527674186	1.42348003278887e-07	1.42919126599375e-09	3.72758280983518e-07	chr4	-	57676025	57688035	12010	57688035	chr4	57670741	57671041	57670881	51	3	22	3	1.29308761937627e-05	5.75	17154
TUBAL3	2.15435512563871	0	-2.15435512563871	8	124	2	0	0.25	0	3.83284432329807e-05	0.00323849178811011	2.5999806474713e-08	2.03746067169544e-09	3.72758280983518e-07	chr10	-	5435060	5446793	11733	5446793	chr10	5159221	5159515	5159327	80	3	37	2	1.83390715896669e-10	12.6666666666667	287466
STAT4	3.18955859353721	0.314787119935326	-2.87477147360188	8	124	5	9	0.625	0.0725806451612903	1.51933191758634e-05	0.000301671859631074	8.4343993650062e-07	5.87556356440129e-09	1.06230189244375e-06	chr2	-	191894301	192016322	122021	192016322	chr2	191884904	191885303	191885071	180	1	77	1	1.20046104919243e-23	39	131251
FAM127A	2.67539936326302	0.064724079251242	-2.61067528401177	8	124	3	2	0.375	0.0161290322580645	2.69284579071309e-05	0.00140887427857071	1.94299614787133e-07	6.30126003069955e-09	1.08806476575046e-06	chrX	+	134166332	134167575	1243	134166332	chrX	133756174	133756525	133756364	62	1	39	1	2.68027854365507e-12	20	-409968
IL1B	5.08532493102563	0.501282726978774	-4.58404220404685	8	124	5	9	0.625	0.0725806451612903	1.51933191758634e-05	0.000301671859631074	9.2388832886719e-07	6.41059113541848e-09	1.0946440507679e-06	chr2	-	113587336	113594356	7020	113594356	chr2	113589672	113590025	113589808	93	1	51	1	7.36534896409858e-16	26	4548
DSTN	3.4109584818428	0.237003628292559	-3.17395485355024	8	124	4	5	0.5	0.0403225806451613	1.90413905227791e-05	0.0006422622787345	4.88038715110499e-07	7.17277084875184e-09	1.20750087589761e-06	chr20	+	17550598	17588652	38054	17550598	chr20	17776445	17776869	17776684	78	0	42	0	0	43	226086
WBP5	2.97056349484762	0.0573298093553951	-2.91323368549222	8	124	3	2	0.375	0.0161290322580645	2.69284579071309e-05	0.00140887427857071	2.26845048094576e-07	7.30723460817791e-09	1.20750087589761e-06	chrX	+	102611379	102613397	2018	102611379	chrX	103401383	103401831	103401598	60	2	34	2	1.27652205410011e-09	11.6666666666667	790219
FAM127B	2.64404829694106	0.0697433824649033	-2.57430491447616	8	124	3	2	0.375	0.0161290322580645	2.69284579071309e-05	0.00140887427857071	2.64628562310071e-07	8.46689619907901e-09	1.3842474551856e-06	chrX	-	134184962	134186221	1259	134186221	chrX	133756174	133756525	133756364	62	1	39	1	2.68027854365507e-12	20	429857
KCNK17	2.57881386670273	0.0923254158310166	-2.48648845087171	8	124	3	2	0.375	0.0161290322580645	2.69284579071309e-05	0.00140887427857071	3.08456755606681e-07	9.80259585771183e-09	1.56923222022204e-06	chr6	-	39266776	39282237	15461	39282237	chr6	40511542	40511853	40511692	104	1	57	1	1.18986869751493e-17	29	-1229455
FAS	2.49198067518453	0.10663145679398	-2.38534921839055	8	124	3	2	0.375	0.0161290322580645	2.69284579071309e-05	0.00140887427857071	3.59254416737504e-07	1.13397579307367e-08	1.7782591824445e-06	chr10	+	90750287	90775542	25255	90750287	chr10	90746131	90747363	90746424	290	11	133	8	2.39013242355238e-31	14.8888888888889	-3863
MLLT3	7.51468072621345	1.77459017054264	-5.74009055567081	8	124	8	48	1	0.387096774193548	0.00244062780538268	0.000771413814263807	8.92044564382002e-07	1.52057544668502e-08	2.36042459238943e-06	chr9	-	20341662	20622542	280880	20622542	chr9	20698899	20699137	20699040	32	2	22	2	2.42029515028348e-06	7.66666666666667	-76498
ERO1L	2.85460333805883	0.196540023519626	-2.6580633145392	8	124	4	6	0.5	0.0483870967741935	6.6222700191293e-05	0.00104293468850403	1.49338298559655e-06	3.31439050056214e-08	5.0935553212639e-06	chr14	-	53108604	53162419	53815	53162419	chr14	53173623	53174072	53173775	100	3	41	3	1.38261140033288e-10	10.5	-11356
RAB8B	2.60786629837162	0.346430665458717	-2.2614356329129	8	124	5	11	0.625	0.0887096774193548	7.95551217197473e-05	0.0006309634955718	4.73912012797087e-06	6.16818546623199e-08	9.38541329158942e-06	chr15	+	63481727	63559973	78246	63481727	chr15	63484016	63484484	63484386	92	6	43	5	1.58675401007147e-09	7.33333333333333	2659
BLNK	0.0360946542947079	5.9440142882971	5.90791963400239	8	124	1	105	0.125	0.846774193548387	6.28612759308134e-06	3.87142602204018e-05	8.66758212081016e-05	6.88320094981783e-08	1.03706894310589e-05	chr10	-	97951454	98031333	79879	98031333	chr10	97889597	97890257	97889748	111	5	55	4	1.66500054868344e-13	11.2	141585
MAN1A1	0	4.51402388055311	4.51402388055311	8	124	0	96	0	0.774193548387097	1.32500190466273e-05	1.64331866715598e-05	0.000219835894455665	7.38374299343223e-08	1.10168312935016e-05	chr6	-	119498365	119670931	172566	119670931	chr6	119763961	119764249	119764100	36	3	22	2	2.42029515028348e-06	7.66666666666667	-93169
CD99	3.39303894968215	8.22785801545318	4.83481906577103	8	124	4	123	0.5	0.991935483870968	1.00375850950538e-09	2.82426609428208e-05	0.000138907111418317	7.9860253667587e-08	1.1800888253495e-05	chrX	+	2609227	2659350	50123	2609227	chrX	2614734	2615149	2614883	90	2	54	2	2.50962959494914e-15	18.3333333333333	5656
GOLGA8A	5.84156097995765	1.40188330822908	-4.43967767172857	8	124	8	48	1	0.387096774193548	0.00244062780538268	0.000771413814263807	8.68436243202376e-06	1.32787402881566e-07	1.94350172141324e-05	chr15	-	34671269	34729667	58398	34729667	chr15	34635165	34635562	34635391	131	0	60	0	0	61	94276
ACTA2	3.18904433173849	0.138537830236538	-3.05050650150195	8	124	3	3	0.375	0.0241935483870968	0.000183090879387615	0.00273515032070144	2.91063450062711e-06	1.56423816825853e-07	2.2466553429717e-05	chr10	-	90694830	90751147	56317	90751147	chr10	90746131	90747363	90746424	290	11	133	8	2.39013242355238e-31	14.8888888888889	4723
BNIP3L	4.2330821525593	0.756484121251541	-3.47659803130775	8	124	6	18	0.75	0.145161290322581	0.00013019607413659	0.00044303416431875	2.30710878019955e-05	1.98280507212331e-07	2.81247865594008e-05	chr8	+	26240522	26270644	30122	26240522	chr8	26248620	26248932	26248731	31	3	20	3	4.03574153678476e-05	5.25	8209
LOC101928834	2.59330049151575	0.0922834658617533	-2.50101702565399	8	124	3	3	0.375	0.0241935483870968	0.000183090879387615	0.00273515032070144	3.7608393864153e-06	1.99479550688098e-07	2.81247865594008e-05	chr10	-	19999263	20017479	18216	20017479	chr10	20019096	20019310	20019202	51	4	26	4	5.74888223089608e-06	5.4	-1723
MMRN1	4.99721293454566	0.788316722384333	-4.20889621216133	8	124	6	21	0.75	0.169354838709677	0.000475814155729187	0.000929544123423413	1.12749054437599e-05	2.03046987115151e-07	2.83675099816876e-05	chr4	+	90816051	90875780	59729	90816051	chr4	90815794	90816092	90815990	48	3	25	3	2.34215388416291e-06	6.5	-61
PHGDH	2.28106650528196	0.124285600402859	-2.1567809048791	8	124	3	3	0.375	0.0241935483870968	0.000183090879387615	0.00273515032070144	4.27066337089172e-06	2.2503628387535e-07	3.06528075584684e-05	chr1	+	120254418	120286849	32431	120254418	chr1	120174187	120174474	120174325	42	1	21	1	4.64446228464871e-07	11	-80093
TFPI	5.60082080227122	1.20665532300922	-4.394165479262	8	124	7	31	0.875	0.25	0.000721407360331617	0.000670792077877154	1.74423333718155e-05	2.25388290871091e-07	3.06528075584684e-05	chr2	-	188328957	188419219	90262	188419219	chr2	188419131	188419442	188419277	67	6	34	6	9.81896346172902e-07	5	-58
EREG	5.13274304102344	0.314701149346443	-4.818041891677	8	124	7	39	0.875	0.314516129032258	0.00448545067099258	0.00264147490224908	4.77004331677215e-06	2.41787654825079e-07	3.25946726258931e-05	chr4	+	75230859	75254477	23618	75230859	chr4	75195990	75196438	75196296	60	3	27	2	1.10412830386588e-07	9.33333333333333	-34563
VBP1	7.19016154039867	1.93507052457197	-5.2550910158267	8	124	8	39	1	0.314516129032258	0.000394747370973114	0.000170769354065622	9.44994415391561e-05	3.05680411159535e-07	3.98109877855909e-05	chrX	+	154444700	154468098	23398	154444700	chrX	154255072	154255381	154255265	47	1	23	1	1.24095477630434e-07	12	-189435
HEMGN	5.55823660490328	0.730699992750811	-4.82753661215247	8	124	6	22	0.75	0.17741935483871	0.000690226722571605	0.00116435786355103	1.58758548283496e-05	3.4763771214e-07	4.4520803001396e-05	chr9	-	100689072	100707197	18125	100707197	chr9	100700517	100700892	100700642	119	2	50	2	3.59348613727306e-14	17	6555
PPME1	2.84454896157425	0.334236440511728	-2.51031252106252	8	124	4	7	0.5	0.0564516129032258	0.000184385597073555	0.0015965569877172	1.14825596842526e-05	3.44919563356177e-07	4.4520803001396e-05	chr11	+	73882107	73965748	83641	73882107	chr11	73881865	73882342	73882189	66	1	33	1	1.55268042731139e-10	17	82
SYPL1	7.87605068643255	2.14910449797884	-5.7269461884537	8	124	8	49	1	0.395161290322581	0.00288971873533353	0.000897358926796675	2.15811508543469e-05	3.63301939625584e-07	4.6142348827818e-05	chr7	-	105730813	105753093	22280	105753093	chr7	105712020	105712851	105712165	156	7	82	7	3.03091994538017e-18	10.375	40928
GCHFR	3.11240417111775	0.165354299867504	-2.94704987125025	8	124	4	8	0.5	0.0645161290322581	0.0004343462491684	0.00233262299917108	1.48056843017713e-05	6.27909488657356e-07	7.78202663039213e-05	chr15	+	41056284	41059911	3627	41056284	chr15	41061580	41062114	41061971	72	3	38	3	9.02744296236468e-10	9.75	5687
FAM175A	3.05498762474267	0.539069549839205	-2.51591807490347	8	124	5	13	0.625	0.104838709677419	0.000290392861336159	0.00118579259405046	3.46262016370105e-05	7.39409366993945e-07	9.09059452157036e-05	chr4	-	84382093	84406290	24197	84406290	chr4	84376930	84377348	84377126	125	4	58	3	2.52007748455498e-15	14.75	29164
ADAM28	3.12324859732891	0.310911437906699	-2.81233715942221	8	124	4	8	0.5	0.0645161290322581	0.0004343462491684	0.00233262299917108	1.91835147907658e-05	8.01981899529403e-07	9.78163319997449e-05	chr8	+	24151579	24212726	61147	24151579	chr8	24151284	24151590	24151432	45	3	26	3	1.30915979265636e-06	6.75	-147
GAPT	3.74860265960243	0.36473372427434	-3.38386893532809	8	124	4	8	0.5	0.0645161290322581	0.0004343462491684	0.00233262299917108	3.19022287736163e-05	1.29584798372073e-06	0.000146816720815519	chr5	+	57787329	57792185	4856	57787329	chr5	57786950	57787488	57787200	170	6	68	6	2.60975132535901e-15	9.85714285714286	-129
HIST3H2A	2.23336714794891	0.00583578131490312	-2.227531366634	8	124	2	1	0.25	0.00806451612903226	0.00125336271661386	0.00941653766081246	8.52685008280115e-06	1.39209319898802e-06	0.000146816720815519	chr1	-	228645064	228645560	496	228645560	chr1	228761626	228761941	228761778	25	3	21	2	4.4449535360059e-06	7.33333333333333	-116218
PTPN22	4.00948317550507	0.501318025044792	-3.50816515046027	8	124	5	15	0.625	0.120967741935484	0.00082280907457075	0.00205462055195278	3.91599874106918e-05	1.39479706136555e-06	0.000146816720815519	chr1	-	114356432	114414375	57943	114414375	chr1	114447401	114447770	114447547	40	2	21	2	4.4449535360059e-06	7.33333333333333	-33172
LAT2	1.22516369443014	7.37037622215753	6.14521252772739	8	124	3	113	0.375	0.911290322580645	7.95551217197473e-05	0.0006309634955718	0.00013444878395798	1.46612140280859e-06	0.000152238876475422	chr7	+	73624086	73644164	20078	73624086	chr7	73631965	73632318	73632175	73	1	37	1	1.04188722521637e-11	19	8089
ARHGAP22	2.20733489546007	0.118167093828993	-2.08916780163107	8	124	3	4	0.375	0.032258064516129	0.000727716827169498	0.00464561938138975	2.03663854384258e-05	1.62485746154579e-06	0.00016014506356948	chr10	-	49654067	49864310	210243	49864310	chr10	49864355	49864621	49864477	35	2	20	2	8.12416913741061e-06	7	-167
MAGEH1	3.1090850334445	0.211640684023372	-2.89744434942113	8	124	3	4	0.375	0.032258064516129	0.000727716827169498	0.00464561938138975	2.03663854384258e-05	1.62485746154579e-06	0.00016014506356948	chrX	+	55478521	55480001	1480	55478521	chrX	54665807	54666163	54665957	35	5	21	4	8.27505018319301e-05	4.4	-812564
IQGAP2	6.76144038881826	2.0422253625515	-4.71921502626676	8	124	8	51	1	0.411290322580645	0.00398671834728757	0.00120422048921499	8.17652605349273e-05	1.68703066563045e-06	0.000164090425755751	chr5	+	75699079	76003957	304878	75699079	chr5	75698274	75699120	75698826	254	8	114	8	4.35583962595042e-26	12.7777777777778	-253
ATL1	2.83449977981866	0.194344028049147	-2.64015575176951	8	124	3	4	0.375	0.032258064516129	0.000727716827169498	0.00464561938138975	2.82464994387806e-05	2.21062274795024e-06	0.000203430241859277	chr14	+	50999799	51099784	99985	50999799	chr14	51144206	51144502	51144333	40	3	21	2	4.4449535360059e-06	7.33333333333333	144534
SERINC3	5.93939160020221	1.5395771661765	-4.39981443402571	8	124	7	34	0.875	0.274193548387097	0.00155002716984183	0.00116291173764989	0.00011547034750346	2.25906675333956e-06	0.00020542803470605	chr20	-	43124863	43150726	25863	43150726	chr20	43150631	43150828	43150687	57	2	24	2	7.16262590329548e-07	8.33333333333333	39
RAPGEF2	2.4854000830218	0.238411428892084	-2.24698865412971	8	124	4	9	0.5	0.0725806451612903	0.000899412695045299	0.00328133030282274	4.39456602764294e-05	2.4156512887281e-06	0.000218374876501021	chr4	+	160188997	160281301	92304	160188997	chr4	160127530	160127865	160127785	45	4	21	3	2.2861893467867e-05	5.5	-61212
PNMA1	2.84027045036716	0.244827485911461	-2.5954429644557	8	124	3	4	0.375	0.032258064516129	0.000727716827169498	0.00464561938138975	3.14639799421493e-05	2.44666077409512e-06	0.000219884694598209	chr14	-	74178485	74181128	2643	74181128	chr14	74208120	74208598	74208445	120	1	64	1	9.54273491086427e-20	32.5	-27317
PPIE	4.99881244347026	1.21083052304478	-3.78798192042547	8	124	7	34	0.875	0.274193548387097	0.00155002716984183	0.00116291173764989	0.000146224322643604	2.82058618116291e-06	0.000252016095535533	chr1	+	40204516	40229586	25070	40204516	chr1	40223345	40223520	40223385	37	5	21	5	0.000236699777108603	3.66666666666667	18869
AAGAB	4.17464258576969	0.548384900614835	-3.62625768515486	8	124	5	16	0.625	0.129032258064516	0.00128809439875964	0.00263824392750043	6.98311024208157e-05	3.0411224869553e-06	0.000270150117800746	chr15	-	67493012	67547536	54524	67547536	chr15	67546819	67547195	67547053	82	1	33	1	1.55268042731139e-10	17	483
CRHBP	4.27298090650036	0.507311281240252	-3.76566962526011	8	124	5	16	0.625	0.129032258064516	0.00128809439875964	0.00263824392750043	7.43613720039717e-05	3.22608277466923e-06	0.000284933563684578	chr5	+	76248679	76265299	16620	76248679	chr5	76243142	76243377	76243261	42	4	21	3	2.2861893467867e-05	5.5	-5418
SLC43A3	3.30893928887953	0.410170655864027	-2.8987686330155	8	124	4	9	0.5	0.0725806451612903	0.000899412695045299	0.00328133030282274	7.60326687790981e-05	4.04267194321672e-06	0.00035100442047093	chr11	-	57174426	57195053	20627	57195053	chr11	57192143	57192987	57192470	251	4	125	3	8.73792874966656e-35	31.5	2583
FGD3	4.17361537002172	0.717112413201717	-3.45650295682	8	124	5	16	0.625	0.129032258064516	0.00128809439875964	0.00263824392750043	9.54142842037768e-05	4.07668596942336e-06	0.000351969157180327	chr9	+	95709600	95798518	88918	95709600	chr9	95826684	95827092	95826826	78	1	41	1	6.86828359613149e-13	21	117226
NXT2	3.86304733254774	0.421131416523021	-3.44191591602472	8	124	4	10	0.5	0.0806451612903226	0.00168263057917046	0.00447319368009942	6.17414350252146e-05	4.44713028618053e-06	0.000381807252726382	chrX	+	108779009	108787927	8918	108779009	chrX	109333338	109333518	109333424	66	3	37	3	1.68058721943779e-09	9.5	554415
USP21	2.84755101095328	0.354486334510539	-2.49306467644274	8	124	4	9	0.5	0.0725806451612903	0.000899412695045299	0.00328133030282274	8.86659370973141e-05	4.66966379008216e-06	0.00039868551736657	chr1	+	161129253	161135516	6263	161129253	chr1	161155114	161155451	161155257	66	0	33	0	0	34	26004
GATB	5.17874688992028	0.749690793280495	-4.42905609663979	8	124	5	17	0.625	0.137096774193548	0.001938098100522	0.00333970540908076	0.00011833956700663	6.22226339278623e-06	0.000525405185826037	chr4	-	152591808	152682175	90367	152682175	chr4	152020426	152020935	152020810	116	4	58	4	2.48988635961772e-14	11.8	661365
CPNE8	2.34567024925706	0.0460686664744697	-2.29960158278259	8	124	3	5	0.375	0.0403225806451613	0.00206477608753494	0.00721328979895485	6.62045514493728e-05	7.42813585244838e-06	0.000620410824893624	chr12	-	39046001	39299420	253419	39299420	chr12	39298709	39298952	39298772	42	3	25	3	2.34215388416291e-06	6.5	648
AREG	2.54299784706611	0.191411581491247	-2.35158626557487	8	124	3	5	0.375	0.0403225806451613	0.00206477608753494	0.00721328979895485	8.03319715348755e-05	8.901151378878e-06	0.000737218442866139	chr4	+	75310814	75320726	9912	75310814	chr4	75195990	75196438	75196296	60	3	27	2	1.10412830386588e-07	9.33333333333333	-114518
JUN	3.05225770511862	0.955147969436818	-2.09710973568181	8	124	7	34	0.875	0.274193548387097	0.00155002716984183	0.00116291173764989	0.000517099953876294	9.21502050739339e-06	0.00075730713988033	chr1	-	59246462	59249785	3323	59249785	chr1	59221143	59221667	59221442	62	3	34	3	1.06660570133125e-08	8.75	28343
ARHGAP5	2.4794859944368	0.342702035505718	-2.13678395893108	8	124	4	10	0.5	0.0806451612903226	0.00168263057917046	0.00447319368009942	0.000139098010892338	9.51361703069601e-06	0.000777687587913491	chr14	+	32546494	32628934	82440	32546494	chr14	32652951	32653211	32653087	95	5	47	5	1.49335194701218e-10	8	106593
MPL	6.55815411086838	0.843242783178833	-5.71491132768954	8	124	8	75	1	0.604838709677419	0.062221857448671	0.0255368381837739	2.61040689194092e-05	1.01465878182354e-05	0.000825041066617151	chr1	+	43803474	43820135	16661	43803474	chr1	43637863	43638107	43637975	44	2	22	2	2.42029515028348e-06	7.66666666666667	-165499
DNTT	1.3989402025059	9.94887642986739	8.5499362273615	8	124	7	123	0.875	0.991935483870968	0.257998253919509	0.117973629424011	5.89693008737071e-06	1.05593244807326e-05	0.000849610987538738	chr10	+	98064084	98098321	34237	98064084	chr10	97889597	97890257	97889748	111	5	55	4	1.66500054868344e-13	11.2	-174336
SELL	8.90151133441464	2.6438079015989	-6.25770343281574	8	124	8	69	1	0.556451612903226	0.0360459208973325	0.0205738764195259	3.41510606550293e-05	1.06576518512021e-05	0.000853056216923302	chr1	-	169659805	169680843	21038	169680843	chr1	169681224	169681544	169681375	53	4	31	2	8.72055680936387e-09	10.6666666666667	-532
RPA2	6.30494047238754	1.88050001385075	-4.42444045853679	8	124	7	40	0.875	0.32258064516129	0.00540648792189908	0.00307384837318119	0.000264191473481418	1.22004830214787e-05	0.000971487166186964	chr1	-	28218035	28241308	23273	28241308	chr1	28241117	28241486	28241244	54	0	28	0	0	29	64
BEX4	5.77708404047247	1.07995459863074	-4.69712944184173	8	124	6	30	0.75	0.241935483870968	0.00657164565849107	0.00527505292157071	0.000176390523616543	1.38524337732785e-05	0.00109171385757818	chrX	+	102470019	102472128	2109	102470019	chrX	103401383	103401831	103401598	60	2	34	2	1.27652205410011e-09	11.6666666666667	931579
CACNA1C-AS2	3.06008248770472	0.30621631899718	-2.75386616870754	8	124	3	5	0.375	0.0403225806451613	0.00206477608753494	0.00721328979895485	0.000141779923936815	1.51288625031542e-05	0.00118597579972646	chr12	-	2777665	2781386	3721	2781386	chr12	2725871	2726439	2726064	120	3	56	3	9.2780777603613e-15	14.25	55322
SPINT2	8.07585856523349	2.91773832256463	-5.15812024266886	8	124	8	55	1	0.443548387096774	0.00716906464873659	0.00210321501725014	0.000488805953305513	1.52028391818137e-05	0.00118597579972646	chr19	+	38755097	38783254	28157	38755097	chr19	38807815	38808052	38807916	109	5	48	4	1.31925820515796e-11	9.8	52819
TMEM9	4.50160107643879	0.900483624253962	-3.60111745218483	8	124	5	17	0.625	0.137096774193548	0.001938098100522	0.00333970540908076	0.000336989941846368	1.654106806044e-05	0.00127101566976421	chr1	-	201103898	201140710	36812	201140710	chr1	200989055	200989455	200989285	55	0	26	0	0	27	151425
NPR3	3.60840686342533	0.690838592082776	-2.91756827134256	8	124	5	18	0.625	0.145161290322581	0.00281713264652749	0.00417366517051514	0.000285041557433043	1.74189243635747e-05	0.00133181109263391	chr5	+	32710742	32791830	81088	32710742	chr5	32726235	32726632	32726519	68	5	32	3	3.60689351475044e-08	8.25	15777
ALDOC	2.99193176031654	0.300787852033656	-2.69114390828289	8	124	3	5	0.375	0.0403225806451613	0.00206477608753494	0.00721328979895485	0.000170647953267777	1.79811488434615e-05	0.00136125268682914	chr17	-	26900132	26903951	3819	26903951	chr17	26941198	26941471	26941325	46	3	25	3	2.34215388416291e-06	6.5	-37374
AMICA1	3.93385585405375	0.310150725276869	-3.62370512877688	8	124	4	11	0.5	0.0887096774193548	0.00290175051360346	0.00593868978960138	0.000219832471153697	1.89938491924317e-05	0.00143086997249652	chr11	-	118064441	118095809	31368	118095809	chr11	118099206	118099434	118099322	48	3	20	3	4.03574153678476e-05	5.25	-3513
ACAA2	5.95990796966882	1.7578581529683	-4.20204981670051	8	124	7	38	0.875	0.306451612903226	0.00369231648695394	0.00226107471298912	0.00061220463796601	2.0058140712871e-05	0.00150367564134343	chr18	-	47309873	47340251	30378	47340251	chr18	47018689	47019024	47018918	68	4	34	4	6.17987381836453e-08	7	321333
CCDC14	5.16113218064952	1.3073616094091	-3.85377057124042	8	124	6	29	0.75	0.233870967741935	0.00523514280502283	0.00447114898508611	0.000313339120337315	2.0283942150353e-05	0.00151322147071177	chr3	-	123632273	123680255	47982	123680255	chr3	123330034	123330240	123330137	33	1	22	1	2.4052064546023e-07	11.5	350118
SULT1A1	4.97210979377963	1.17977045638512	-3.79233933739451	8	124	6	32	0.75	0.258064516129032	0.0100050135841524	0.00722386526012725	0.000201869851547661	2.10550236033554e-05	0.00156315750114186	chr16	-	28616907	28634907	18000	28634907	chr16	28660522	28660751	28660647	26	3	22	3	1.29308761937627e-05	5.75	-25740
ASL	3.44989174678076	0.694970579724335	-2.75492116705643	8	124	5	18	0.625	0.145161290322581	0.00281713264652749	0.00417366517051514	0.000355868026864153	2.14175191754352e-05	0.00158242516676966	chr7	+	65540775	65558329	17554	65540775	chr7	66119134	66119563	66119419	54	1	27	1	8.72055680936387e-09	14	578644
CCDC53	7.11718525791999	2.04613638162924	-5.07104887629076	8	124	7	44	0.875	0.354838709677419	0.0106501975004508	0.00543850156058724	0.000274841677256985	2.15443462596536e-05	0.00158417948956152	chr12	-	102406617	102455902	49285	102455902	chr12	102270895	102271236	102271057	48	4	26	4	5.74888223089608e-06	5.4	184845
DDIT4	0	3.98060503634944	3.98060503634944	8	124	0	77	0	0.620967741935484	0.00204956506578558	0.00066121184079755	0.00232857896645182	2.21467118446882e-05	0.0016207174649008	chr10	+	74033676	74035797	2121	74033676	chr10	74016783	74017127	74016975	123	1	52	1	3.70301450680436e-16	26.5	-16701
BIRC2	4.39115339819661	1.14883882826984	-3.24231456992677	8	124	6	26	0.75	0.209677419354839	0.00243925241802532	0.00262447657725205	0.000723280765176582	2.69066746284787e-05	0.00193225128827318	chr11	+	102217912	102249401	31489	102217912	chr11	102217523	102218174	102217868	119	2	59	2	8.81279522536276e-17	20	-44
HIBCH	3.84842224929695	0.862990849592694	-2.98543139970426	8	124	5	18	0.625	0.145161290322581	0.00281713264652749	0.00417366517051514	0.00046756679889925	2.76072688717523e-05	0.00196420605565319	chr2	-	191069359	191184771	115412	191184771	chr2	191184513	191184886	191184653	75	4	39	4	3.18194631173489e-09	8	118
PAXIP1	2.81420242476374	0.290087556110711	-2.52411486865303	8	124	4	12	0.5	0.0967741935483871	0.00468310368062605	0.00770793188761126	0.000253071705297902	2.75966486634262e-05	0.00196420605565319	chr7	-	154735399	154794682	59283	154794682	chr7	154997218	154997591	154997399	91	3	45	3	1.09771379177847e-11	11.5	-202717
GOLGA8B	5.69227623925803	1.81599756139269	-3.87627867786534	8	124	8	59	1	0.475806451612903	0.0120890935765305	0.00628306715763784	0.000314894415224652	2.79625161901773e-05	0.00198031312815965	chr15	-	34817483	34875771	58288	34875771	chr15	34889618	34889868	34889753	48	2	21	2	4.4449535360059e-06	7.33333333333333	-13982
CTSW	4.51349488135782	0.896917137588927	-3.6165777437689	8	124	5	18	0.625	0.145161290322581	0.00281713264652749	0.00417366517051514	0.000493513151719644	2.90280174953514e-05	0.00204634207737872	chr11	+	65647283	65651212	3929	65647283	chr11	65655846	65656223	65656011	76	2	41	2	1.3537451458901e-11	14	8728
CPVL	4.24735812762072	0.337136129242343	-3.91022199837838	8	124	4	12	0.5	0.0967741935483871	0.00468310368062605	0.00770793188761126	0.000270204855662681	2.93285292639451e-05	0.00205405904918286	chr7	-	29035246	29186153	150907	29186153	chr7	29234277	29234591	29234356	34	0	22	0	0	23	-48203
PHF6	3.01675754643733	0.498474596320336	-2.51828295011699	8	124	4	11	0.5	0.0887096774193548	0.00290175051360346	0.00593868978960138	0.000351685593936765	2.94048015890311e-05	0.00205405904918286	chrX	+	133507341	133562822	55481	133507341	chrX	133756174	133756525	133756364	62	1	39	1	2.68027854365507e-12	20	249023
TPX2	2.34943495988264	0.168211739756057	-2.18122322012659	8	124	3	6	0.375	0.0483870967741935	0.0046746871652948	0.010498803559065	0.000235321193388351	3.43685225254441e-05	0.00237916871248209	chr20	+	30326903	30389603	62700	30326903	chr20	30311338	30311837	30311711	66	2	29	2	3.14101035869384e-08	10	-15192
ALKBH2	2.84335268645003	0.289651112565546	-2.55370157388448	8	124	3	6	0.375	0.0483870967741935	0.0046746871652948	0.010498803559065	0.000423573064867355	5.9248758097958e-05	0.00238295819522599	chr12	-	109525992	109531293	5301	109531293	chr12	109531183	109531420	109531312	46	1	25	1	3.31069232860754e-08	13	-19
ATF1	2.59837771523383	0.448205759731681	-2.15017195550215	8	124	4	11	0.5	0.0887096774193548	0.00290175051360346	0.00593868978960138	0.00045714812051088	3.75106078897519e-05	0.00238295819522599	chr12	+	51157788	51214943	57155	51157788	chr12	51318152	51318441	51318302	49	3	22	3	1.29308761937627e-05	5.75	160514
C15orf41	2.07577997960956	0.0477557125146951	-2.02802426709487	8	124	2	2	0.25	0.0161290322580645	0.00744818166981699	0.018252580013631	0.000160950287568302	4.03585194619856e-05	0.00238295819522599	chr15	+	36871803	37102461	230658	36871803	chr15	38361351	38361580	38361472	60	1	27	1	8.72055680936387e-09	14	1489669
CBY1	3.45641254074663	0.591673698413467	-2.86473884233316	8	124	4	11	0.5	0.0887096774193548	0.00290175051360346	0.00593868978960138	0.000487781878142869	3.98363271829376e-05	0.00238295819522599	chr22	+	39052657	39069855	17198	39052657	chr22	39077820	39078031	39077943	64	5	28	5	6.90673542617981e-06	4.83333333333333	25286
CD164	8.83743134951003	3.48531978469873	-5.3521115648113	8	124	8	79	1	0.637096774193548	0.0865274507962686	0.0505414242246303	8.61214024053256e-05	5.80855169980085e-05	0.00238295819522599	chr6	-	109687716	109703762	16046	109703762	chr6	109703639	109704218	109703846	111	5	50	5	2.46356595077405e-11	8.5	-84
CD79B	0.218748928178657	5.32397926133647	5.10523033315781	8	124	2	98	0.25	0.790322580645161	0.00243925241802532	0.00262447657725205	0.00103698961929592	3.75963962683918e-05	0.00238295819522599	chr17	-	62006097	62009704	3607	62009704	chr17	62062451	62062777	62062602	42	1	23	1	1.24095477630434e-07	12	-52898
CYSTM1	2.10543085207526	0.0685673406262056	-2.03686351144906	8	124	2	2	0.25	0.0161290322580645	0.00744818166981699	0.018252580013631	0.000182983185992666	4.54547940264782e-05	0.00238295819522599	chr5	+	139554652	139623374	68722	139554652	chr5	139631102	139631366	139631226	54	1	26	1	1.70231867763662e-08	13.5	76574
DDX59	3.60421232915827	0.6605236475639	-2.94368868159437	8	124	4	12	0.5	0.0967741935483871	0.00468310368062605	0.00770793188761126	0.000617972902035565	6.31354072538158e-05	0.00238295819522599	chr1	-	200613164	200639126	25962	200639126	chr1	200638875	200639109	200638993	41	2	22	2	2.42029515028348e-06	7.66666666666667	133
FBXW7	2.37196866702882	6.86415856963908	4.49218990261027	8	124	4	114	0.5	0.919354838709677	0.00168263057917046	0.00447319368009942	0.000823767979112425	4.97873395729576e-05	0.00238295819522599	chr4	-	153242409	153456185	213776	153456185	chr4	153457177	153457547	153457397	146	4	66	4	1.49606003681766e-16	13.4	-1212
G3BP1	6.2430706448976	2.14428344783155	-4.09878719706605	8	124	7	45	0.875	0.362903225806452	0.0124260469866123	0.00622091925459594	0.000630851697415629	5.27774614633673e-05	0.00238295819522599	chr5	+	151151475	151184915	33440	151151475	chr5	150827049	150827357	150827312	44	2	21	2	4.4449535360059e-06	7.33333333333333	-324163
HSD17B4	3.03023301537689	0.812827985157393	-2.2174050302195	8	124	5	18	0.625	0.145161290322581	0.00281713264652749	0.00417366517051514	0.000679580024101997	3.9064892993166e-05	0.00238295819522599	chr5	+	118788137	118878030	89893	118788137	chr5	118774357	118774619	118774510	44	2	21	2	4.4449535360059e-06	7.33333333333333	-13627
LACTB2	2.55897467640769	0.275525547185076	-2.28344912922262	8	124	3	6	0.375	0.0483870967741935	0.0046746871652948	0.010498803559065	0.000389985175479438	5.48888014851015e-05	0.00238295819522599	chr8	-	71549500	71581447	31947	71581447	chr8	71314346	71315095	71314679	128	1	63	1	1.90299977634707e-19	32	266768
LOC100131289	2.55556303458467	0.181184817937432	-2.37437821664724	8	124	3	6	0.375	0.0483870967741935	0.0046746871652948	0.010498803559065	0.000278979798985494	4.02463634339728e-05	0.00238295819522599	chr6	+	27729522	27730966	1444	27729522	chr6	27721919	27722112	27722009	32	3	20	3	4.03574153678476e-05	5.25	-7513
LPAR6	1.52509735801983	7.0859098477557	5.56081248973587	8	124	4	112	0.5	0.903225806451613	0.00468310368062605	0.00770793188761126	0.000621556644459339	6.34738383071941e-05	0.00238295819522599	chr13	-	48985181	49018840	33659	49018840	chr13	48975792	48975975	48975871	37	3	22	2	2.42029515028348e-06	7.66666666666667	42969
NME7	3.83638574305463	1.05466927948037	-2.78171646357425	8	124	6	28	0.75	0.225806451612903	0.00411737933861266	0.00376758193089962	0.000863950786068027	4.43830288703637e-05	0.00238295819522599	chr1	-	169101767	169337201	235434	169337201	chr1	169337103	169337569	169337445	80	0	37	0	0	38	-244
RAMP1	2.66376896954525	0.292144625211237	-2.37162434433402	8	124	3	6	0.375	0.0483870967741935	0.0046746871652948	0.010498803559065	0.000389985175479438	5.48888014851015e-05	0.00238295819522599	chr2	+	238768186	238820755	52569	238768186	chr2	238603817	238604156	238604041	60	0	28	0	0	29	-164145
ST7	2.02192365584492	0.00405198012226707	-2.01787167572266	8	124	2	2	0.25	0.0161290322580645	0.00744818166981699	0.018252580013631	0.000160950287568302	4.03585194619856e-05	0.00238295819522599	chr7	+	116593380	116870075	276695	116593380	chr7	115995309	115995606	115995503	38	5	20	3	4.03574153678476e-05	5.25	-597877
ZFX	3.616916165321	1.05869326533846	-2.55822289998254	8	124	7	43	0.875	0.346774193548387	0.00907584706440173	0.00473950340013095	0.000994104883635871	6.25012017420329e-05	0.00238295819522599	chrX	+	24167761	24234372	66611	24167761	chrX	24498027	24498412	24498275	42	1	24	1	6.42123378303763e-08	12.5	330514
LRRC8D	3.27294351584346	0.570601481645708	-2.70234203419775	8	124	4	12	0.5	0.0967741935483871	0.00468310368062605	0.00770793188761126	0.000743188035895555	7.48711297313111e-05	0.00238717743093525	chr1	+	90286572	90401989	115417	90286572	chr1	90265107	90265392	90265179	46	3	20	3	4.03574153678476e-05	5.25	-21393
FAM117A	3.74054842056882	0.893632111410822	-2.846916309158	8	124	5	20	0.625	0.161290322580645	0.00545513293452788	0.00630077934071485	0.000922618467136471	7.58937166966339e-05	0.00241477150764776	chr17	-	47787686	47841518	53832	47841518	chr17	47865380	47866061	47865655	84	7	53	6	2.23493053797228e-11	7.71428571428571	-24137
ZCCHC7	1.54828434008023	5.41964162386518	3.87135728378494	8	124	2	101	0.25	0.814516129032258	0.000976666715863509	0.001444720757282	0.00474843378866197	8.84259619579705e-05	0.0027961526406792	chr9	+	37120468	37358145	237677	37120468	chr9	37120401	37120811	37120540	66	2	38	2	9.58871148775426e-11	13	72
TMEM42	4.63945264611853	0.987885340289446	-3.65156730582908	8	124	5	20	0.625	0.161290322580645	0.00545513293452788	0.00630077934071485	0.00118125226293024	9.53294594640757e-05	0.00300826105347827	chr3	+	44903407	44907154	3747	44903407	chr3	45053326	45053635	45053511	59	2	27	2	1.10412830386588e-07	9.33333333333333	150104
GSTM5	3.63848703180547	0.61560489463245	-3.02288213717303	8	124	5	21	0.625	0.169354838709677	0.00731563711015498	0.00762608411965547	0.00102892961964375	0.00010008797952543	0.00314550525428795	chr1	+	110254863	110260890	6027	110254863	chr1	110333348	110333711	110333576	65	2	36	2	3.50457172796219e-10	12.3333333333333	78713
S100A16	1.59254101005772	7.24191580063288	5.64937479057516	8	124	4	112	0.5	0.903225806451613	0.00468310368062605	0.00770793188761126	0.00104231779306742	0.000102288850258428	0.00320811234851332	chr1	-	153579366	153585514	6148	153585514	chr1	153571405	153571679	153571554	72	1	41	1	6.86828359613149e-13	21	13960
SENP7	2.7904831189149	0.687537139145183	-2.10294597976971	8	124	5	21	0.625	0.169354838709677	0.00731563711015498	0.00762608411965547	0.00108019769441459	0.000104674466979607	0.00327624686057557	chr3	-	101043032	101232085	189053	101232085	chr3	101231737	101232387	101232229	150	5	85	3	4.37471734016912e-23	21.5	-144
KDELR1	3.32697595555491	0.706173781008079	-2.62080217454683	8	124	5	22	0.625	0.17741935483871	0.00960646944926009	0.00914802502789001	0.000984009094658188	0.000113584787448926	0.00354071199495963	chr19	-	48885826	48894810	8984	48894810	chr19	48948929	48949226	48949076	96	5	36	5	8.90235978955521e-08	6.16666666666667	-54266
MRPL46	4.84261342944124	1.11298224509987	-3.72963118434137	8	124	5	21	0.625	0.169354838709677	0.00731563711015498	0.00762608411965547	0.0012485197305083	0.000119606562868812	0.00372087785054231	chr15	-	89002708	89010633	7925	89010633	chr15	89089516	89090104	89089868	141	2	76	2	9.13982707459758e-22	25.6666666666667	-79235
SMS	5.34980555685266	1.45631384843709	-3.89349170841557	8	124	6	31	0.75	0.25	0.00815274774768986	0.00618916949450881	0.00170752289677769	0.00013165446502636	0.00407095738133823	chrX	+	21958690	22012955	54265	21958690	chrX	21857618	21857811	21857717	36	0	20	0	0	21	-100973
STK17B	3.04195607903481	5.84607236930706	2.80411629027224	8	124	5	121	0.625	0.975806451612903	0.000183090879387615	0.00273515032070144	0.00422024636527786	0.000142780439472861	0.00440612408397377	chr2	-	196998306	197036336	38030	197036336	chr2	197040906	197041173	197041046	40	1	26	1	1.70231867763662e-08	13.5	-4710
FASTKD1	4.23800143064848	0.936453014507505	-3.30154841614098	8	124	5	23	0.625	0.185483870967742	0.012379590839905	0.0108836048462246	0.00118639048304708	0.000158269257829333	0.00484518317593863	chr2	-	170386261	170430431	44170	170430431	chr2	170440738	170440940	170440829	60	2	30	2	1.66734548915194e-08	10.3333333333333	-10398
NET1	5.29307964633143	1.28352544605953	-4.00955420027191	8	124	6	37	0.75	0.298387096774194	0.0242905415704495	0.0146010799222616	0.000915228691221111	0.000163339900735682	0.00499047235488261	chr10	+	5454513	5501019	46506	5454513	chr10	5159221	5159515	5159327	80	3	37	2	1.83390715896669e-10	12.6666666666667	-295186
TMEM45A	2.58207844996948	0.320079339501581	-2.2619991104679	8	124	3	7	0.375	0.0564516129032258	0.00903027326018983	0.0145513187893054	0.000949479487320244	0.000168414662966638	0.00513531059617321	chr3	+	100211462	100296285	84823	100211462	chr3	100008255	100008549	100008432	53	2	24	2	7.16262590329548e-07	8.33333333333333	-203030
SLC29A1	3.16583215633384	0.64503240858477	-2.52079974774908	8	124	4	13	0.5	0.104838709677419	0.00715541016361619	0.00981037342582986	0.0016090272924817	0.000190312823590879	0.00576869324052196	chr6	+	44187241	44201888	14647	44187241	chr6	44232006	44232308	44232154	79	1	42	1	3.47665192301018e-13	21.5	44913
MAP2K2	4.37937754608883	1.35222440365873	-3.02715314243009	8	124	6	32	0.75	0.258064516129032	0.0100050135841524	0.00722386526012725	0.0024893132311286	0.000214460899760054	0.00646242177943628	chr19	-	4090319	4124126	33807	4124126	chr19	4124066	4124275	4124164	32	2	21	2	4.4449535360059e-06	7.33333333333333	-38
ITM2A	5.72266785564425	1.44936330571017	-4.27330454993408	8	124	6	32	0.75	0.258064516129032	0.0100050135841524	0.00722386526012725	0.00258929674444582	0.000222338161101593	0.00667361886681499	chrX	-	78615880	78623049	7169	78623049	chrX	78394426	78394763	78394571	128	3	63	3	9.51901888747595e-17	16	228478
ID2	0.12884889567513	4.12001941288516	3.99117051721003	8	124	1	81	0.125	0.653225806451613	0.00907584706440173	0.00473950340013095	0.00431920285909887	0.000241484846371978	0.0072201150175964	chr2	+	8822112	8824583	2471	8822112	chr2	8726179	8726574	8726306	71	0	33	0	0	34	-95806
PRKRA	4.69099970559425	1.39282649766094	-3.29817320793332	8	124	6	33	0.75	0.266129032258065	0.0121555310117551	0.00838998273163017	0.00251398251953219	0.00024818438639535	0.0073916621126429	chr2	-	179296140	179315958	19818	179315958	chr2	179345103	179345396	179345244	39	1	20	1	8.94584036877455e-07	10.5	-29286
KANSL2	3.24425045739244	0.726244763699722	-2.51800569369272	8	124	4	14	0.5	0.112903225806452	0.0104442249667835	0.0122745393777668	0.00220192036055384	0.000311321078604162	0.00916548340227732	chr12	-	49046994	49076035	29041	49076035	chr12	49110357	49110905	49110567	252	3	103	3	2.48529877787116e-28	26	-34532
CAAP1	3.18467683309076	0.589246442426061	-2.5954303906647	8	124	4	15	0.5	0.120967741935484	0.0146674048125741	0.0151277841642202	0.00182879953368581	0.000318025835121599	0.00934497329665149	chr9	-	26840682	26892826	52144	26892826	chr9	26892660	26892927	26892781	46	1	31	1	5.98243492853694e-10	16	45
ITGA4	0.906123103817474	4.15739754033928	3.25127443652181	8	124	3	99	0.375	0.798387096774194	0.0195752356483763	0.0150646639390208	0.00188200835994989	0.000325218641328381	0.00944793965961163	chr2	+	182321618	182402468	80850	182321618	chr2	182321419	182321619	182321532	74	5	33	3	1.96650009458309e-08	8.5	-86
RTN4	7.87862225726827	3.57383862917886	-4.30478362808941	8	124	8	73	1	0.588709677419355	0.0522560533046506	0.0229056279292444	0.00129322892449254	0.000338492693342507	0.00981501077601444	chr2	-	55199326	55277734	78408	55277734	chr2	55246766	55247009	55246911	58	2	29	2	3.14101035869384e-08	10	30823
SVIP	4.09838678683646	1.33408272969159	-2.76430405714487	8	124	6	36	0.75	0.290322580645161	0.0206716733003181	0.0127920291141488	0.00254845957678948	0.000369396744380704	0.0105912111336617	chr11	-	22843597	22851382	7785	22851382	chr11	22851485	22851957	22851655	139	4	72	4	3.09128595081334e-18	14.6	-273
ASAH1	3.95647053666824	1.50370176336238	-2.45276877330586	8	124	6	34	0.75	0.274193548387097	0.0146317349094094	0.00969882236046125	0.00370501314073868	0.000403679031068676	0.0113413882074285	chr8	-	17913924	17942507	28583	17942507	chr8	17779754	17780674	17780167	174	5	83	3	1.66380660830318e-22	21	162340
MRFAP1	6.53347116940661	2.47907186033705	-4.05439930906956	8	124	7	48	0.875	0.387096774193548	0.0191270554322497	0.00914676379769942	0.00395798815049219	0.000406425999408552	0.0113977276622457	chr4	+	6641817	6644470	2653	6641817	chr4	6919531	6919914	6919665	48	4	27	4	3.2901499069542e-06	5.6	277848
TFG	3.92408346297118	1.07073311236507	-2.85335035060612	8	124	5	23	0.625	0.185483870967742	0.012379590839905	0.0108836048462246	0.00363075028409702	0.000440157480100991	0.0121660794140144	chr3	+	100428133	100467811	39678	100428133	chr3	100008255	100008549	100008432	53	2	24	2	7.16262590329548e-07	8.33333333333333	-419701
LRRFIP2	2.79302855044078	0.555139173179028	-2.23788937726175	8	124	4	15	0.5	0.120967741935484	0.0146674048125741	0.0151277841642202	0.00263532707735209	0.000443714728853596	0.0122423841167362	chr3	-	37094116	37217851	123735	37217851	chr3	37030589	37030851	37030719	300	4	83	4	2.36712145638664e-21	16.8	187132
FLT3	0.0216887151430962	3.74665125195972	3.72496253681662	8	124	1	77	0.125	0.620967741935484	0.0166476215005501	0.0080667844577301	0.00501253401459242	0.000449468290373359	0.0123789044560175	chr13	-	28577410	28674729	97319	28674729	chr13	28711959	28712383	28712214	73	2	40	2	2.6066527571649e-11	13.6666666666667	-37485
SYNGR1	0.654063410006779	4.30211500484646	3.64805159483968	8	124	1	79	0.125	0.637096774193548	0.0124260469866123	0.00622091925459595	0.00659733378777505	0.000455598493547869	0.0125252909639421	chr22	+	39745953	39781593	35640	39745953	chr22	39842855	39843348	39843070	101	3	48	2	1.35647447078101e-13	16.3333333333333	97117
GPN1	5.92643788606816	1.53139581553351	-4.39504207053465	8	124	6	38	0.75	0.306451612903226	0.0283450779633037	0.0166021618480896	0.0025414110302437	0.000467213066409142	0.0126996797354446	chr2	+	27851514	27873713	22199	27851514	chr2	27886560	27886783	27886671	74	2	30	2	1.66734548915194e-08	10.3333333333333	35157
TRADD	2.87456613021868	0.690952507984482	-2.1836136222342	8	124	4	15	0.5	0.120967741935484	0.0146674048125741	0.0151277841642202	0.00291931337187566	0.000487010343283857	0.0130845716006754	chr16	-	67188088	67193812	5724	67193812	chr16	67225912	67226176	67226042	56	1	27	1	8.72055680936387e-09	14	-32230
ISG20	1.05767674514396	3.89316083827624	2.83548409313228	8	124	1	83	0.125	0.669354838709677	0.00646901325847052	0.00356366486191575	0.0133979958422785	0.000522800002098268	0.0139485945004274	chr15	+	89182038	89198879	16841	89182038	chr15	89181935	89182223	89182076	44	1	24	1	6.42123378303763e-08	12.5	38
MLH1	2.9694428894807	0.749061344626936	-2.22038154485377	8	124	4	15	0.5	0.120967741935484	0.0146674048125741	0.0151277841642202	0.00323097174631779	0.000534044453803904	0.0142239084333768	chr3	+	37034840	37092337	57497	37034840	chr3	37030589	37030851	37030719	300	4	83	4	2.36712145638664e-21	16.8	-4121
SIL1	3.15892396571939	0.645992806245845	-2.51293115947355	8	124	4	15	0.5	0.120967741935484	0.0146674048125741	0.0151277841642202	0.0033979099060077	0.000559047963737301	0.0147094636257734	chr5	-	138282409	138534065	251656	138534065	chr5	138582067	138582328	138582215	42	2	26	2	2.07031897310279e-07	9	-48150
FAM92A1	2.80642101645379	0.313043841587938	-2.49337717486585	8	124	3	9	0.375	0.0725806451612903	0.0244873713541786	0.025101598286811	0.00207734854571212	0.000566369711364544	0.0147775377321737	chr8	+	94712734	94741478	28744	94712734	chr8	95565593	95566041	95565735	123	1	60	1	1.50586521193643e-18	30.5	853001
HPS1	3.19119431708686	1.02413032239494	-2.16706399469191	8	124	5	23	0.625	0.185483870967742	0.012379590839905	0.0108836048462246	0.00487492229913328	0.000575355056973233	0.0149865364670587	chr10	-	100175954	100206704	30750	100206704	chr10	100379241	100379509	100379395	50	1	22	1	2.4052064546023e-07	11.5	-172691
CDC42SE1	3.2233231287145	0.79622999962822	-2.42709312908628	8	124	4	15	0.5	0.120967741935484	0.0146674048125741	0.0151277841642202	0.0035726648938023	0.000585089378535043	0.0151886040022408	chr1	-	151023446	151032125	8679	151032125	chr1	150949525	150950119	150949655	98	0	46	0	0	47	82470
RALA	3.94924814459258	0.974323374772982	-2.9749247698196	8	124	5	25	0.625	0.201612903225806	0.0195752356483763	0.0150646639390208	0.00360468163518917	0.000587612138218798	0.0152283698822032	chr7	+	39663151	39747723	84572	39663151	chr7	39629292	39629659	39629389	62	1	27	1	8.72055680936387e-09	14	-33762
FLI1	3.13255878298511	1.00381194674213	-2.12874683624298	8	124	5	25	0.625	0.201612903225806	0.0195752356483763	0.0150646639390208	0.00391610025474253	0.000633489136144366	0.0162800351910813	chr11	+	128556429	128683162	126733	128556429	chr11	128563651	128564062	128563903	110	3	57	3	4.83926443656792e-15	14.5	7474
HNRNPH2	3.87489227696368	1.12433642046472	-2.75055585649896	8	124	5	25	0.625	0.201612903225806	0.0195752356483763	0.0150646639390208	0.00391610025474253	0.000633489136144366	0.0162800351910813	chrX	+	100663120	100669128	6008	100663120	chrX	100075202	100075457	100075349	53	1	29	1	2.29635394943183e-09	15	-587771
RIMKLB	2.24835639617549	5.35183104005622	3.10347464388073	8	124	3	102	0.375	0.82258064516129	0.00960646944926009	0.00914802502789002	0.00643154208197453	0.000631942261200838	0.0162800351910813	chr12	+	8834272	8935694	101422	8834272	chr12	8645793	8646035	8645896	33	1	23	1	1.24095477630434e-07	12	-188376
MAGED2	5.34201903507396	1.43492865377535	-3.90709038129861	8	124	6	38	0.75	0.306451612903226	0.0283450779633037	0.0166021618480896	0.00367627973522756	0.000653314641556803	0.0167083776448404	chrX	+	54834031	54842448	8417	54834031	chrX	54665807	54666163	54665957	35	5	21	4	8.27505018319301e-05	4.4	-168074
KRIT1	2.86330007163402	0.819604705031809	-2.04369536660221	8	124	6	37	0.75	0.298387096774194	0.0242905415704495	0.0146010799222616	0.00427281677596511	0.00066643467641226	0.0169846900615317	chr7	-	91828282	91875414	47132	91875414	chr7	92076589	92076898	92076752	44	3	22	3	1.29308761937627e-05	5.75	-201338
SERINC5	0.372547364861179	3.93690427934862	3.56435691448744	8	124	2	86	0.25	0.693548387096774	0.0283450779633037	0.0166021618480896	0.00383699219478593	0.000679149319030236	0.0172230474172552	chr5	-	79407049	79551898	144849	79551898	chr5	79551965	79552287	79552050	33	1	21	1	4.64446228464871e-07	11	-152
HOPX	4.08109727785674	0.695651474387731	-3.38544580346901	8	124	5	27	0.625	0.217741935483871	0.0292885987800532	0.0203078743132364	0.00325090131824565	0.000701488365309106	0.0177550178971069	chr4	-	57514153	57547872	33719	57547872	chr4	57519667	57520101	57519813	84	2	40	2	2.6066527571649e-11	13.6666666666667	28059
PIGC	3.5007487782467	1.06323938250954	-2.43750939573716	8	124	5	24	0.625	0.193548387096774	0.0156860304586154	0.0128500390314209	0.0051546541317519	0.000703592263101125	0.0177550178971069	chr1	-	172410596	172413230	2634	172413230	chr1	172631844	172632148	172631973	54	3	22	3	1.29308761937627e-05	5.75	-218743
SPG20	3.5382390273746	1.04722494745734	-2.49101407991725	8	124	5	24	0.625	0.193548387096774	0.0156860304586154	0.0128500390314209	0.0051546541317519	0.000703592263101125	0.0177550178971069	chr13	-	36875774	36944317	68543	36944317	chr13	34731193	34731487	34731340	55	1	21	1	4.64446228464871e-07	11	2212977
EDEM1	2.05108067184535	5.21688083220716	3.16580016036181	8	124	3	103	0.375	0.830645161290323	0.00731563711015498	0.00762608411965547	0.00871212087372406	0.000705534304600891	0.017774838021486	chr3	+	5229358	5261650	32292	5229358	chr3	5223499	5223834	5223644	67	3	32	3	3.60689351475044e-08	8.25	-5714
C5orf56	0.11224407229269	4.79464426364106	4.68240019134837	8	124	2	85	0.25	0.685483870967742	0.0328621250497097	0.0188084829457974	0.00367396531958207	0.000731091368226145	0.0183885632518812	chr5	+	131746464	131811736	65272	131746464	chr5	131762243	131762548	131762424	46	1	25	1	3.31069232860754e-08	13	15960
DENND3	0	2.31789426926505	2.31789426926505	8	124	0	62	0	0.5	0.0172669133040883	0.00696281907137579	0.0105014073735341	0.00076946592062588	0.0191966757600301	chr8	+	142138719	142205900	67181	142138719	chr8	142099970	142100269	142100118	69	2	28	2	5.91539019133662e-08	9.66666666666667	-38601
CPXM1	4.50557293136804	1.15235281813898	-3.35322011322905	8	124	5	27	0.625	0.217741935483871	0.0292885987800532	0.0203078743132364	0.00367364874229639	0.000783589389979647	0.0195173448058464	chr20	-	2774714	2781292	6578	2781292	chr20	2781423	2781802	2781660	86	2	38	2	9.58871148775426e-11	13	-368
DUSP23	4.04565688401535	1.0966277542594	-2.94902912975594	8	124	5	26	0.625	0.209677419354839	0.0240945184295529	0.0175448434169888	0.00429107568654098	0.000790069956286879	0.0196151778484923	chr1	+	159750758	159752333	1575	159750758	chr1	159880226	159880552	159880368	116	2	54	2	2.50962959494914e-15	18.3333333333333	129610
SWI5	2.83908281671039	0.335684106318643	-2.50339871039175	8	124	3	9	0.375	0.0725806451612903	0.0244873713541786	0.025101598286811	0.00322873188106647	0.000844542444358471	0.0208664441879437	chr9	+	131038424	131051268	12844	131038424	chr9	131133333	131133838	131133610	211	1	99	1	2.9226032855325e-30	50	95186
LINC00173	0	2.85855595217434	2.85855595217434	8	124	0	61	0	0.491935483870968	0.0193300636998538	0.00737690462308538	0.0114990129077435	0.000880072498656469	0.0216053580820329	chr12	+	116971239	116974318	3079	116971239	chr12	116985784	116986108	116985961	72	4	33	3	1.96650009458309e-08	8.5	14722
CHEK2	2.53162367412041	0.410761622862243	-2.12086205125817	8	124	3	9	0.375	0.0725806451612903	0.0244873713541786	0.025101598286811	0.00365111213244255	0.000943757331471192	0.0229852023297136	chr22	-	29083730	29137822	54092	29137822	chr22	29138290	29138616	29138537	41	2	23	2	1.3194450342812e-06	8	-715
CLASP1	2.85645652141136	0.517998279773042	-2.33845824163832	8	124	4	18	0.5	0.145161290322581	0.0339428447562757	0.0262735988485264	0.00353935909799599	0.000956233690907281	0.0231788633467872	chr2	-	122095351	122407052	311701	122407052	chr2	122407386	122407690	122407552	39	2	22	1	2.4052064546023e-07	11.5	-500
CHID1	3.82828706558796	1.11679681659891	-2.71149024898905	8	124	5	26	0.625	0.209677419354839	0.0240945184295529	0.0175448434169888	0.00545403393681328	0.000981244812107164	0.023747669720414	chr11	-	867858	915058	47200	915058	chr11	576125	576580	576238	49	4	30	4	6.16117338506148e-07	6.2	338820
SPIDR	3.41083752335202	1.08043960125704	-2.33039792209498	8	124	5	24	0.625	0.193548387096774	0.0156860304586154	0.0128500390314209	0.00768571376708785	0.00100962137583669	0.0243960083393997	chr8	+	48173469	48648563	475094	48173469	chr8	48282011	48282326	48282143	96	2	42	2	7.05595071298108e-12	14.3333333333333	108674
MLEC	2.54111662331814	0.537416055272121	-2.00370056804602	8	124	4	17	0.5	0.137096774193548	0.0263306119770588	0.0221038000413545	0.004532969573275	0.00102283771870311	0.0246765621052266	chr12	+	121124948	121139667	14719	121124948	chr12	121124457	121124871	121124739	46	2	26	2	2.07031897310279e-07	9	-209
BTG3	2.97591237857752	0.494979265252708	-2.48093311332481	8	124	4	18	0.5	0.145161290322581	0.0339428447562757	0.0262735988485264	0.00388742113652855	0.0010406896667631	0.0250678978037859	chr21	-	18965967	18985268	19301	18985268	chr21	19191539	19192053	19191885	64	5	34	3	1.06660570133125e-08	8.75	-206617
TNFSF4	3.60837060340902	0.816197063705794	-2.79217353970323	8	124	4	16	0.5	0.129032258064516	0.0199317256240934	0.018396075067287	0.00579035796741469	0.00108087609682437	0.0259545372749952	chr1	-	173152869	173176452	23583	173176452	chr1	173175783	173176118	173175913	44	5	28	5	6.90673542617981e-06	4.83333333333333	539
ECD	4.04360696654208	0.704919141146526	-3.33868782539556	8	124	4	19	0.5	0.153225806451613	0.0428320721955959	0.0309262164649499	0.00348262593802264	0.00109170513446684	0.026132904215711	chr10	-	74894281	74927853	33572	74927853	chr10	74927644	74927939	74927808	45	1	24	1	6.42123378303763e-08	12.5	45
TIMM21	3.91657374397968	0.862307492321577	-3.05426625165811	8	124	4	17	0.5	0.137096774193548	0.0263306119770588	0.0221038000413545	0.00497702079486298	0.00111275424630969	0.0265540485361603	chr18	+	71815745	71826204	10459	71815745	chr18	72191442	72191730	72191609	48	3	21	3	2.2861893467867e-05	5.5	375864
LOC613037	2.62321423076364	5.24020988006584	2.6169956493022	8	124	4	113	0.5	0.911290322580645	0.00290175051360346	0.00593868978960138	0.0196226216539494	0.0011720084898837	0.0277929154290113	chr16	-	30234349	30256932	22583	30256932	chr16	30204883	30205680	30205072	121	5	84	5	1.3376229954456e-20	14.1666666666667	51860
ACSL1	3.46824226993084	0.918097617262994	-2.55014465266784	8	124	4	17	0.5	0.137096774193548	0.0263306119770588	0.0221038000413545	0.00546004648242797	0.00120956954223198	0.0285540164746868	chr4	-	185676748	185747268	70520	185747268	chr4	185777529	185777769	185777672	69	2	30	2	1.66734548915194e-08	10.3333333333333	-30404
STK3	2.8766194078079	0.503436618806651	-2.37318278900125	8	124	3	10	0.375	0.0806451612903226	0.0360808494211213	0.0316476786820075	0.00389267624801069	0.00123215711957409	0.028998147953468	chr8	-	99466858	99954799	487941	99954799	chr8	100025269	100025643	100025416	74	2	34	2	1.27652205410011e-09	11.6666666666667	-70617
TMED3	3.17294028510015	0.297825879376056	-2.8751144057241	8	124	3	10	0.375	0.0806451612903226	0.0360808494211213	0.0316476786820075	0.00389267624801069	0.00123215711957409	0.028998147953468	chr15	+	79603403	79677061	73658	79603403	chr15	79615277	79615615	79615458	150	6	71	4	5.9267819869169e-18	14.4	12055
GPS1	4.35313428785757	1.34662909923039	-3.00650518862718	8	124	5	26	0.625	0.209677419354839	0.0240945184295529	0.0175448434169888	0.00716517831921125	0.0012547958490335	0.0293206375842569	chr17	+	80009762	80015346	5584	80009762	chr17	79935313	79935584	79935431	41	0	20	0	0	21	-74331
OCIAD2	5.71447077961297	1.37548334591374	-4.33898743369922	8	124	6	41	0.75	0.330645161290323	0.0433884957008176	0.0238910491444001	0.00526469739203515	0.00125539950093968	0.0293206375842569	chr4	-	48887396	48908845	21449	48908845	chr4	48908673	48908900	48908782	38	1	21	1	4.64446228464871e-07	11	63
PNP	3.6734970208453	1.38594675643826	-2.28755026440704	8	124	5	26	0.625	0.209677419354839	0.0240945184295529	0.0175448434169888	0.00716517831921125	0.0012547958490335	0.0293206375842569	chr14	+	20937537	20946165	8628	20937537	chr14	20938040	20938557	20938168	61	2	32	2	4.59904626569821e-09	11	631
TMEM106C	3.78646190209121	0.728926262345866	-3.05753563974534	8	124	4	18	0.5	0.145161290322581	0.0339428447562757	0.0262735988485264	0.00489762909566215	0.00128140399000922	0.0298825743830982	chr12	+	48357329	48362661	5332	48357329	chr12	48499636	48500145	48499895	133	3	74	3	6.64630034990085e-20	18.75	142566
SMC3	4.75167399574356	1.69677835067149	-3.05489564507207	8	124	6	39	0.75	0.314516129032258	0.0328621250497097	0.0188084829457974	0.00685791605071657	0.0012841686109651	0.0299016715353207	chr10	+	112327448	112364392	36944	112327448	chr10	112174213	112174754	112174367	139	1	65	1	4.78687149265533e-20	33	-153081
DYM	3.63382674098846	0.770356683033322	-2.86347005795514	8	124	4	18	0.5	0.145161290322581	0.0339428447562757	0.0262735988485264	0.00512614497002107	0.00133505046549071	0.0309925310478267	chr18	-	46570171	46987079	416908	46987079	chr18	47013480	47013763	47013631	61	0	31	0	0	32	-26552
DHRS3	0	2.53099131486926	2.53099131486926	8	124	0	58	0	0.467741935483871	0.02668640432911	0.00922565458759233	0.0149980243679538	0.00136783732862157	0.0315156282852418	chr1	-	12627938	12677737	49799	12677737	chr1	12538779	12539067	12538927	53	2	26	2	2.07031897310279e-07	9	138810
ZWILCH	2.57214010559407	0.42138924576955	-2.15075085982452	8	124	3	10	0.375	0.0806451612903226	0.0360808494211213	0.0316476786820075	0.0046345633766837	0.00144140182068055	0.0329145069542627	chr15	+	66797420	66841822	44402	66797420	chr15	66797099	66797405	66797352	48	1	23	1	1.24095477630434e-07	12	-68
CACNB2	3.26923109843131	0.480867208723366	-2.78836388970794	8	124	5	32	0.625	0.258064516129032	0.0667258558254379	0.0389545354057593	0.00377891504755513	0.0014461032248476	0.0329728699695222	chr10	+	18429605	18830688	401083	18429605	chr10	18492812	18493187	18493067	115	1	57	1	1.18986869751493e-17	29	63462
COMMD4	3.62520670719354	1.20634677217014	-2.4188599350234	8	124	5	26	0.625	0.209677419354839	0.0240945184295529	0.0175448434169888	0.00934362383466042	0.00159277659514	0.0353725299336872	chr15	+	75628336	75634268	5932	75628336	chr15	75642244	75642612	75642393	81	2	48	2	1.35647447078101e-13	16.3333333333333	14057
ECM1	0	3.2209781035737	3.2209781035737	8	124	0	57	0	0.459677419354839	0.0295669565071837	0.0100593569482611	0.0163516495092181	0.00159761012289869	0.0353776258915087	chr1	+	150480486	150486265	5779	150480486	chr1	150524662	150525007	150524919	44	4	22	3	1.29308761937627e-05	5.75	44433
SLC38A2	1.27946247867639	4.94840893330236	3.66894645462597	8	124	4	101	0.5	0.814516129032258	0.0919213638696538	0.0547069952591724	0.00303296109488411	0.00161012493305335	0.0356034531959193	chr12	-	46751970	46766645	14675	46766645	chr12	46776924	46777279	46777048	39	1	20	1	8.94584036877455e-07	10.5	-10403
CDK4	5.86643761699508	2.0685173021651	-3.79792031482998	8	124	6	41	0.75	0.330645161290323	0.0433884957008176	0.0238910491444001	0.00789085431872679	0.00180533205394021	0.0392423521993679	chr12	-	58141509	58146230	4721	58146230	chr12	58134872	58135228	58135009	67	0	35	0	0	36	11221
ICAM3	4.53109066382075	1.33726864190837	-3.19382202191238	8	124	5	29	0.625	0.233870967741935	0.0418649759052673	0.0267507723676588	0.00709278683142252	0.00181576324582712	0.0393577567868423	chr19	-	10444451	10450345	5894	10450345	chr19	10450218	10450574	10450307	61	1	33	1	1.55268042731139e-10	17	38
ANXA2	1.54693493471093	6.18827872126766	4.64134378655673	8	124	5	111	0.625	0.895161290322581	0.0871949693948234	0.0564845755742832	0.00359870987392075	0.00193127687250356	0.041279364362496	chr15	-	60639349	60690185	50836	60690185	chr15	60700656	60700874	60700742	43	5	21	4	8.27505018319301e-05	4.4	-10557
AMZ2P1	3.76444689065561	0.951519657356294	-2.81292723329932	8	124	5	32	0.625	0.258064516129032	0.0667258558254379	0.0389545354057593	0.00571691711570332	0.00209553558606113	0.0442365259431146	chr17	-	62962667	62971703	9036	62971703	chr17	62961961	62962329	62962146	98	1	60	1	1.50586521193643e-18	30.5	9557
CD59	5.15151110099188	1.94270272562229	-3.20880837536959	8	124	6	44	0.75	0.354838709677419	0.0632838445920427	0.0527538923332972	0.00423429629831459	0.00210121749801697	0.0442956248415979	chr11	-	33724555	33758025	33470	33758025	chr11	33915081	33915770	33915289	127	4	61	2	2.30101468154583e-17	20.6666666666667	-157264
FBXO22	2.64763918677388	0.535128539173629	-2.11251064760025	8	124	3	10	0.375	0.0806451612903226	0.0360808494211213	0.0316476786820075	0.00727842749029682	0.00215970194438314	0.0449733055301898	chr15	+	76196199	76227608	31409	76196199	chr15	76050630	76051074	76050966	64	5	44	5	8.81751935019977e-10	7.5	-145233
ARID2	4.17264020873179	1.5110774879352	-2.66156272079659	8	124	6	49	0.75	0.395161290322581	0.108904559326385	0.0666383013284218	0.00369847818853584	0.00229412881755194	0.0473059227133281	chr12	+	46123619	46301819	178200	46123619	chr12	46121168	46121680	46121442	66	3	35	2	6.69070081913345e-10	12	-2177
DNAJB11	4.69020853072403	1.33304866756594	-3.35715986315808	8	124	5	30	0.625	0.241935483870968	0.0493209031148358	0.0304640429314209	0.00813971599805523	0.00230665608029559	0.0474547398152377	chr3	+	186288464	186303589	15125	186288464	chr3	186246862	186247292	186247113	96	2	43	2	3.66155829935989e-12	14.6666666666667	-41351
BCAT1	4.07192026747625	1.55004743762992	-2.52187282984633	8	124	6	41	0.75	0.330645161290323	0.0433884957008176	0.0238910491444001	0.0105745770298544	0.00234537608573271	0.0481224828912421	chr12	-	24962957	25102393	139436	25102393	chr12	24858822	24858991	24858885	39	7	20	6	0.000884149454606613	3	243508
BTG2	3.63740342481212	0.966812873500759	-2.67059055131136	8	124	4	20	0.5	0.161290322580645	0.0530469434195537	0.0360803777235107	0.00720517675050277	0.00240597071657639	0.0492342982321517	chr1	+	203274663	203278729	4066	203274663	chr1	203289980	203290444	203290219	172	9	86	7	2.52307010576547e-19	10.875	15556
WRB	2.84968043796974	0.390517374200231	-2.45916306376951	8	124	3	11	0.375	0.0887096774193548	0.0504048247970928	0.039058901864346	0.00668100810845692	0.00241411930888184	0.0493353531102341	chr21	+	40752212	40769815	17603	40752212	chr21	40721487	40721711	40721608	54	2	23	1	1.24095477630434e-07	12	-30604
IFI6	9.50011403272411	7.04256002322299	-2.45755400950112	8	124	8	121	1	0.975806451612903	1	1	0.000264394679666171	0.00244249591656043	0.0497828610685686	chr1	-	27992571	27998724	6153	27998724	chr1	27960701	27961188	27960893	62	2	32	2	4.59904626569821e-09	11	37831
