	Dim1	Dim2
  -20.6325  -23.1525
    7.2816   38.3670
  -13.1098   25.8267
  -21.5934   33.5687
  -28.0214    7.9956
  -14.6301   36.3597
  -12.4456   26.9768
   -9.0726   22.1615
   -6.2134   34.0345
  -21.3453   35.9031
  -17.3505   35.0186
  -19.9501   39.1608
   -6.4868   32.1401
    5.8909   38.7151
   -2.9446  -19.5383
  -10.6507   -5.6430
   -5.5018    4.2987
  -11.0449  -16.3189
    1.2469  -14.5431
  -10.6099  -24.8284
   -4.2530    0.5979
  -13.3571  -12.2738
   -7.8954   -7.3459
  -11.5995  -27.4870
  -16.7033   -4.8798
  -15.3108   -2.1163
  -11.4174   -4.3978
  -13.9193   -5.7380
   -5.6270    5.1593
  -13.0765   -2.8345
   -7.2258    0.2070
  -17.1115  -16.6069
   18.2509    5.2905
   -7.4372    9.7157
  -13.9161   -1.1909
   -7.4429   -5.9668
  -11.6726   -0.5422
    0.4210    4.7140
    4.8576    6.1385
   -9.8943    1.5927
   -8.2201    9.7146
   -4.3635   14.1991
   -7.8118    6.7236
   17.2012    5.3839
  -13.0663    2.8741
  -11.5302   11.7684
    4.2984    5.2803
  -13.4038   -7.8574
  -14.8195    4.2830
   -9.1299    3.5553
   -7.6149  -28.0001
   -2.2641   13.1987
  -12.1568   32.2094
   -4.9721    7.2917
  -11.7899    3.9672
  -21.8505    0.4078
  -22.6519   12.6225
  -25.2190   -7.5955
   -4.2650   11.2959
  -13.5464   32.0899
   -8.5498   35.9994
  -26.2231  -11.8852
  -10.2672   35.5183
  -22.5408   35.9545
   -8.9298   39.7799
  -17.6859   33.5768
  -26.5897   28.4862
  -21.8877   38.2423
  -19.5097   35.7474
   -1.5388  -21.3808
   -7.0685  -31.6736
   -5.7808  -29.5007
  -14.3246   -8.6668
  -23.3896  -19.4882
  -25.8294  -16.2002
  -21.6783  -24.2775
   13.6383    6.4606
   -2.1021  -12.5491
  -17.8306   -9.9693
   -6.4624   -8.0742
   -3.1686  -11.3953
   -0.1510   -6.0460
  -18.5922  -11.5156
    7.3772  -14.3087
    0.3283   -9.9346
    2.4490   15.5578
  -16.7442   -8.2852
    6.2590   -1.1669
    1.5862   -7.7886
   -1.0966    1.2464
    1.9595  -10.9130
   -3.9663  -15.2036
   -2.2301   -8.9339
    4.1859   -0.3136
    3.3462   19.0111
  -19.2323  -10.5064
    2.7943   -1.7994
   34.2663  -17.4610
   -3.1569   -7.6124
    1.7802    0.9073
    0.3115   -0.8967
    2.8410   20.7472
    1.2838   18.2082
    2.4232   -3.9350
  -20.1284   18.4944
    0.9757   -2.8712
   -0.7292   13.7401
   -1.4687   18.5664
   -4.9650   -1.4210
    3.9877    3.7510
   -3.3005   19.9952
  -20.1655   28.5525
    0.0361   22.0619
   -6.0883   25.9973
    0.5371   25.1626
    1.5058   22.6382
  -30.5303   -6.6824
   -5.4836   40.1966
   -3.6400   30.9295
   -4.2532   38.7196
  -37.8529   -0.6623
   -7.8831   36.9854
  -24.4774   -2.9653
    4.8256  -13.6081
   -1.0148  -10.7300
   -1.3550   -3.5203
  -25.3957  -19.8474
  -24.6460  -18.6908
  -12.7559    8.1327
   28.2712    2.1575
   26.2996    1.4470
   28.1567    3.6280
  -16.0721   28.9581
    3.3789  -28.1227
   13.7797   10.8372
   12.8731   11.7232
   -9.3540  -11.8080
  -10.8584  -10.9222
   -8.4059   -2.6081
   -8.1204  -11.9973
  -20.3165   10.1905
  -10.9918  -12.9330
   -8.2218  -10.2726
   -8.1780  -13.7481
  -12.2194   18.7224
  -10.7822   -9.0119
    9.3920    3.2216
   14.2608    5.1275
  -19.1835   12.5933
    9.5945    2.6767
   -6.5018  -12.1145
  -15.7931   19.4789
    7.1475   34.6614
  -17.9425   12.1201
  -17.1398   13.3707
    7.5754   34.2492
  -15.7578   30.7558
  -24.3667   15.8693
  -24.8910   17.8638
  -23.4630   21.0843
  -25.3958   19.0766
   -9.4425   43.2648
   -9.9179   42.7637
  -15.0502   37.6139
  -12.6638  -23.2127
   -8.1415  -20.7635
   -2.3424  -14.5123
  -16.9629   17.2327
  -15.2387   17.8896
  -31.2460   -0.4665
  -30.2431   -3.3682
  -29.1105    6.6499
  -29.8837    2.2043
  -32.7864   -1.0591
  -34.0348    1.9443
    9.6433   -1.9801
   25.3065   -4.9029
   13.1311   19.1946
    3.6182   29.2289
   15.3059   13.7763
   18.6619   17.3759
  -30.4151  -20.3627
   18.3944   21.6708
   12.2867   18.2796
   19.2242   20.3674
   22.1140   22.1177
    5.2498   15.7092
   19.9455   18.1330
   20.7179   16.5934
   20.1815   15.2858
   23.8331   15.0509
   25.1587   14.2158
   17.4052  -14.7695
   22.9227  -24.0240
   17.0781  -13.3527
    0.2901  -23.9812
   30.7635  -13.3780
    8.5039  -10.7225
    8.7776  -15.3270
   17.2916  -32.1467
   22.9271  -29.4249
   28.1215  -27.1953
   14.6173  -12.2160
   32.7545   -5.7723
   11.2596  -21.1270
    6.2847  -21.8686
   35.4819  -11.9055
   32.7616  -13.3812
   12.4327  -26.4948
   25.7077  -24.4668
   24.7099  -34.2920
   14.4235  -15.2608
   18.6250  -26.9415
    8.9916  -27.9644
   11.8550   -9.5473
   13.1754   -5.1019
   17.1723  -11.8756
   20.9046  -11.9616
   27.9957  -21.3741
   29.2756   -5.0469
   11.1352  -16.9293
    8.2586  -25.7446
   20.7276  -23.9875
    5.8895  -33.3079
   14.8161  -26.6152
   34.0279   -6.6250
   25.1360  -10.7609
   20.7284   -1.1076
   13.4599    0.8954
   27.9768  -33.5542
   17.5408  -19.6808
   21.2436  -25.6285
   15.4370  -18.6123
   32.1776   -1.8943
    9.2573  -21.8967
   21.4266  -31.7466
   24.7141  -20.7147
   29.6343   -9.6225
   21.6585  -10.5722
   31.5319   -4.4197
    8.8674   24.0876
   17.4503   -6.4326
   26.0619  -10.8922
   13.2260   -9.3421
   19.7833   -1.1635
   11.2052  -32.4634
    7.5043   25.1232
   26.1983  -17.5128
   32.8081    6.8259
   33.9488    7.3696
   17.6938   -9.7824
   10.9707  -14.5807
   28.2171   -7.9753
   20.7658   -7.4034
   15.1212  -28.6277
   18.8468   -8.5366
   10.7765  -30.3344
  -15.3908   44.6863
    4.8547   35.1072
   34.4968  -12.3741
   -1.5279   31.4956
   16.9841   -4.4063
   -3.1535   33.3554
   21.5121   -5.9458
   -9.6784   28.4069
  -27.3203  -15.8343
  -16.8287   31.5363
    3.9989   36.8515
   -5.2885   30.9001
   -9.3126   45.4841
  -22.1847  -23.4488
    5.1919  -20.3008
   13.2066  -19.9206
    5.8969  -18.2196
    4.6074  -22.0153
    0.4715  -22.3522
   19.8311  -19.5614
   -0.5541  -18.0983
   14.3612  -17.1407
   26.0529  -29.9198
   29.1394  -11.9336
    7.2570   -9.7471
   22.4359  -16.8672
   23.9129  -26.3015
  -19.9520    8.6126
   24.9866  -27.0559
   30.4524  -26.9698
   29.6989  -19.4309
   13.6405    8.1706
   31.2356  -23.3685
   23.4625  -16.1300
    1.1399  -18.4541
   30.1898  -28.4966
   33.7653  -20.8680
   25.3260  -14.9288
   31.1387  -20.5724
   24.6055   21.6527
   16.4170   20.0472
   21.5586  -13.8726
    4.2015   26.8155
   34.8694  -24.3011
   29.2417    0.6756
    7.8015   27.8084
   26.1419   12.4009
   14.6084  -23.8162
   19.8635  -21.6679
   17.2880  -23.0022
   -4.0762  -29.9527
   21.4753  -28.7717
   16.6352  -25.0369
   23.7281  -22.0962
    8.6550  -18.8479
   17.8258  -30.5981
   19.4788  -28.4225
    8.0864   -5.4660
   22.2343  -20.4322
    6.6538   -8.4088
  -27.3277  -21.7205
   33.3154  -23.7043
   -5.4409  -24.2140
   32.1589  -21.2093
    7.4257   -4.6955
   -5.8689  -19.7089
   -7.8174  -17.0756
  -11.3815  -20.9233
   -7.3334  -18.3076
   -9.0800  -18.0884
   -8.3951  -22.3657
  -24.5860   -2.1418
   -9.4719  -22.8938
  -13.5759   11.9508
  -17.7932   19.1896
  -13.0265   21.9446
   -2.1154    5.5449
   -1.0821    6.6898
   -5.4651   16.7387
    6.5437    9.8458
    0.4208    7.3903
   -5.7021   13.9448
    1.7358   10.8699
    4.4842   12.2416
    0.2154   10.2491
   -1.5407    8.0032
    0.6029   12.3893
    5.8346   40.8624
   -1.7204   28.3800
   -6.4433   24.3014
   -7.9589   22.9771
   -7.0079   41.6784
  -17.2361    1.5387
   -9.6427  -19.3112
  -11.4056  -18.3276
  -14.0045  -19.8330
  -13.3027  -18.1437
  -12.3385  -19.3329
  -16.1839   22.7431
  -31.0932   -9.9347
  -34.2348   -0.8736
  -33.1458   -2.7353
  -34.2078    4.0206
  -35.9682    1.1657
  -35.0113   -4.2530
  -28.9927   -5.7620
  -36.7541   -4.7374
  -36.8032   -3.5102
  -35.7755   -0.8408
  -12.6454   14.9362
   -7.4648   29.0383
  -14.6359  -23.9643
  -24.3264   25.8948
  -22.6145   25.3050
  -25.6603   25.3705
  -21.2129   25.3239
  -25.5726   27.4173
  -21.1250   12.5489
  -17.0807   20.7118
  -27.6618   -7.0104